855.132118,-572.295740
1173.740243,-502.209470
1027.809466,-288.258351
1131.622444,-234.401779
485.756562,-482.850951
313.491151,-450.483590
1239.509311,-295.100183
1016.777648,-304.221766
508.490108,-416.964109
356.762694,-520.277734
413.319624,-517.467545
845.825993,-580.614504
1234.698760,-532.701075
1103.044524,-514.441420
821.668516,-479.702005
316.408173,-354.965589
1244.690567,-312.242306
399.347306,-528.363073
841.500400,-505.770124
362.229916,-275.192332
356.408281,-281.250422
784.942370,-524.541993
740.649151,-571.879828
1050.993641,-282.057232
491.598738,-316.390472
1053.010041,-475.351953
1032.114433,-321.484940
1228.475383,-304.331095
1128.011439,-232.119157
1083.541078,-225.586025
1048.235751,-264.312358
1153.839519,-225.526855
1110.834482,-235.673816
1081.408136,-515.657690
787.693581,-503.126115
420.082759,-263.598868
777.161341,-566.615281
303.563043,-402.697063
1239.509795,-368.153739
787.385530,-519.733920
759.681273,-568.356770
509.849559,-354.961419
428.998073,-275.703912
1241.321347,-452.098975
872.039212,-602.591793
768.259866,-561.968843
829.053314,-524.644850
819.442577,-485.572278
1069.983769,-233.454233
723.252014,-616.132685
417.199212,-274.320175
1023.714761,-435.248461
480.399736,-306.090058
1109.016325,-225.190519
1229.475423,-269.081440
1222.919657,-502.532187
828.860558,-522.040417
735.419500,-585.657920
1012.077619,-314.493378
1155.873094,-223.240596
1026.382070,-345.191255
1234.059442,-469.155879
336.821774,-332.822116
1240.506323,-409.090929
503.681971,-417.962526
311.278107,-463.154662
508.479217,-359.929932
1070.500613,-233.928254
778.887632,-499.743818
1193.837603,-231.795878
1135.941894,-459.191622
1171.848191,-214.699130
787.768731,-468.958731
713.091683,-633.601943
1102.934565,-217.158678
755.468154,-580.276195
851.517443,-532.876172
1221.007332,-516.816556
831.362258,-510.298613
1104.490694,-513.061026
1035.466668,-443.300864
1202.587183,-241.481488
319.653554,-327.042965
310.300986,-365.897966
323.175498,-354.806781
1098.929805,-234.312497
753.185434,-566.201071
784.277361,-572.015902
1234.306264,-416.793745
392.096177,-258.406859
1170.756678,-224.795108
770.089225,-503.108253
450.945072,-515.570367
1226.240390,-488.979366
1238.638530,-394.321987
1131.467062,-519.586528
1020.080410,-401.090780
426.461028,-283.278371
866.810740,-591.396937
435.614717,-280.193118
332.604487,-505.253627
1096.508172,-521.183349
1035.014603,-432.025752
1224.363617,-303.180332
463.913383,-515.389120
1080.288432,-248.620403
482.347850,-511.792730
1141.798060,-526.378800
498.247539,-446.353801
346.827231,-508.419186
505.940258,-385.010426
429.022094,-286.621678
457.422280,-292.949758
313.335666,-421.479181
729.513869,-639.707776
1059.989275,-245.452087
839.926812,-563.193182
1035.199805,-439.901509
1009.913106,-353.143729
1046.078074,-287.263569
783.159027,-561.484349
480.640644,-507.596078
402.641118,-278.299610
464.026384,-283.231187
1198.449557,-509.086536
1113.013800,-508.590902
497.154891,-399.995665
435.582208,-268.328935
346.818719,-491.636325
853.771010,-544.114184
830.732579,-563.243753
316.034518,-374.119337
490.670342,-525.058521
316.093725,-344.024606
505.926761,-366.149294
1024.861913,-426.902612
339.614018,-504.607119
1028.123755,-387.132334
311.143122,-362.877714
1056.949342,-505.194913
1194.709524,-495.399370
1039.919532,-460.555581
1108.591602,-508.820970
1250.441300,-429.349595
791.911010,-483.256255
1042.714606,-440.839447
744.819533,-600.311309
342.549465,-312.680987
1165.423357,-477.494012
1066.149293,-257.492181
732.415075,-626.950834
723.574467,-615.333828
1187.798071,-504.504679
1228.433125,-431.582851
1068.770508,-236.622221
1226.763177,-514.425868
514.483176,-420.619672
1244.295110,-537.299692
1052.664748,-452.827629
428.636079,-532.874186
1050.005667,-277.497832
1241.313888,-322.820652
868.348926,-580.796895
1016.164550,-318.028461
775.929626,-510.238035
1137.291770,-233.690602
1035.706934,-312.700969
839.733984,-578.933210
892.257873,-627.807003
775.348655,-534.377986
457.742444,-484.042419
736.683497,-580.793080
1220.487412,-503.961343
1250.722374,-324.743559
1068.435285,-249.141475
336.380078,-478.103353
305.400466,-426.991319
1030.400559,-390.293862
800.749544,-568.820788
317.459103,-333.878050
344.504793,-499.548128
1023.960640,-304.175898
733.781059,-600.849229
1173.070041,-233.038944
1117.816989,-518.980508
848.770158,-546.634972
516.181527,-400.498918
422.131429,-266.137202
1243.316093,-293.872502
809.965418,-569.979049
444.187720,-480.944765
794.238925,-483.375097
303.071001,-404.612802
747.289052,-552.678378
425.149933,-515.714164
781.208142,-517.292797
1207.655937,-238.063342
319.855453,-455.552563
318.028470,-369.337614
1223.479613,-295.562902
321.492184,-342.456167
425.380609,-280.805381
456.547912,-490.565996
1240.260584,-358.879313
784.518419,-502.517034
457.038955,-513.866825
460.187072,-303.676441
327.619131,-311.589509
1226.033152,-455.375141
315.122442,-358.787516
1237.043613,-454.571518
770.247783,-519.687946
1210.366267,-246.465000
768.434508,-569.964437
851.389173,-573.914876
1025.839220,-387.406782
1053.635734,-469.418659
774.723201,-528.682728
868.840856,-594.920036
345.525828,-305.415930
1242.514228,-461.959810
730.066366,-601.536230
1024.165449,-371.379015
1139.917863,-234.728742
1026.483863,-374.792020
1135.362880,-526.454901
779.936095,-486.021664
499.904516,-459.649803
1082.851988,-503.482762
861.786506,-546.691231
1173.813672,-508.964988
1077.958932,-248.604344
1130.454671,-217.501207
1231.639965,-331.269067
744.027244,-606.894454
1224.254656,-299.343445
503.494772,-462.505395
1056.543371,-480.916061
388.325581,-522.496031
889.539728,-625.362354
505.655352,-479.757967
312.313633,-386.372032
752.242693,-593.403478
422.349626,-527.279703
1023.492614,-338.476494
309.904259,-414.461020
1064.573220,-265.824442
1031.564413,-308.438856
737.239398,-574.173636
1058.291562,-271.099952
1047.759618,-453.943718
772.068171,-574.233439
1252.831112,-376.160925
408.840826,-463.499439
441.369564,-518.119990
322.171565,-417.749418
467.176282,-310.103042
378.690762,-282.907205
408.966179,-519.986355
1145.573768,-218.427385
1252.493143,-354.439380
1241.264191,-327.178854
1220.209921,-503.310808
1024.660193,-437.185046
430.990516,-267.943834
1177.323219,-476.033190
1153.359715,-215.200584
497.612239,-388.552654
1094.727315,-503.396507
427.300819,-524.013144
754.132300,-549.446747
1238.226284,-287.595529
1229.536055,-450.668085
746.072073,-555.918499
1045.479004,-480.917268
810.408991,-490.369400
1037.646595,-287.156786
454.885155,-297.737351
350.290633,-500.568210
1244.908944,-385.431250
492.406727,-436.673932
759.686949,-550.714476
453.369453,-289.014428
370.565754,-281.638004
1175.713129,-227.500437
1139.068656,-449.219069
1092.616179,-504.785294
492.512770,-458.108993
1231.959017,-460.733120
1198.987211,-229.089289
1240.128504,-360.752688
516.899711,-402.080468
877.727730,-583.016099
410.900592,-512.623296
1221.289318,-271.675557
450.645819,-277.112729
1224.314454,-464.223395
1054.091465,-471.202947
499.919867,-371.115725
760.799990,-569.540121
890.171067,-625.258617
1244.097499,-362.918659
489.934876,-339.546065
1219.130913,-480.049415
1125.384088,-212.300220
1056.668218,-501.906415
305.797226,-398.523900
402.483790,-266.658829
1217.870037,-247.471501
744.966850,-566.052136
512.920837,-365.076133
1213.463069,-274.696382
1202.979019,-239.357877
321.392876,-420.025903
322.106314,-473.221625
1208.093699,-265.903204
845.806559,-568.639811
315.304439,-459.385703
335.504651,-473.253793
1125.750136,-213.216521
1101.545228,-515.073245
1030.985754,-279.677223
1062.540590,-509.805252
1228.508160,-443.481578
1034.868772,-446.812736
839.670611,-533.776698
1231.690719,-436.345293
510.052023,-375.242431
869.189875,-573.212861
497.827929,-460.940092
328.126070,-456.561074
1036.680588,-290.116190
320.505099,-409.052887
338.960323,-310.428998
1060.582316,-504.771475
1036.691640,-312.864732
390.283469,-274.931682
826.060904,-565.382229
503.483740,-473.719588
1221.047290,-262.224035
324.696325,-462.557903
1149.694217,-218.243321
816.466508,-460.933558
337.618430,-311.264376
728.138527,-593.003686
324.844935,-372.662289
456.762709,-302.554471
442.755755,-527.041377
1057.569537,-460.848307
1088.549655,-221.769738
752.248912,-555.619772
798.424668,-459.661685
414.601181,-465.080020
375.998427,-283.240629
768.281579,-551.517693
1238.063395,-423.141591
1028.703693,-356.841278
1245.508791,-441.739662
504.175389,-398.992274
875.089963,-584.192448
447.373243,-282.145178
783.938502,-488.349854
867.002158,-605.847956
311.438196,-420.345986
899.018185,-637.599766
722.621217,-625.259750
308.552808,-370.219855
1088.799119,-231.364707
378.863417,-512.170112
505.458729,-421.750474
1036.794884,-422.651830
748.211727,-593.175001
765.314428,-561.171855
1020.461732,-374.383479
826.605198,-578.441061
1070.127741,-512.764689
337.293870,-467.577237
1026.296722,-301.578568
804.274751,-479.754730
1055.784044,-266.279037
1224.628357,-448.492364
1067.961489,-495.433377
770.905270,-530.940353
1095.812123,-230.501882
495.838953,-429.739412
446.624470,-471.272009
1118.587414,-222.676020
832.444133,-507.183618
429.926842,-457.837012
781.210911,-481.557705
502.100674,-349.270926
1023.034944,-389.593429
1200.552523,-234.676274
1245.010520,-429.076069
823.101321,-561.345091
328.848884,-457.505457
854.281460,-528.699671
1201.431836,-492.943140
1238.863549,-359.368432
771.778185,-541.111671
1138.860501,-514.440818
418.277071,-512.150629
831.177982,-514.357725
1218.110251,-261.727845
469.135020,-293.062607
757.739749,-549.318354
357.062182,-301.313662
1241.170589,-414.588864
408.803245,-525.477586
403.778295,-263.730414
355.066945,-308.095099
1240.343697,-404.484681
334.578642,-301.667781
1022.619972,-348.235054
1239.861985,-408.373255
1226.045526,-275.840172
376.872352,-264.857469
511.336652,-388.962844
1236.321264,-404.032511
1198.479983,-231.738385
1183.247246,-490.511224
513.526905,-442.916728
1240.296427,-430.545445
422.241313,-513.320474
1198.108094,-251.963340
1043.842532,-268.143448
798.149239,-482.468280
758.436572,-553.362876
424.977905,-521.813105
758.203230,-537.630028
1128.284897,-234.706520
461.628741,-481.911810
1164.714266,-507.407079
1025.266456,-298.674647
788.018552,-516.174117
322.949094,-473.506561
305.126086,-401.116311
336.813430,-476.192262
494.597215,-336.429630
746.944233,-567.317136
1065.025883,-249.330081
312.599234,-382.284820
1220.907298,-266.814898
1075.219747,-226.247398
812.599168,-559.262254
431.899439,-287.030564
510.401797,-398.764410
371.146049,-504.445564
420.348451,-476.046093
493.965891,-351.205387
1072.253206,-483.765946
350.943791,-519.617519
1237.655563,-329.351676
1208.515701,-270.633091
1143.423044,-513.566560
1194.595417,-503.739543
1051.946160,-453.987004
1232.399819,-476.373878
1078.352020,-495.165167
476.311506,-316.924338
818.778193,-470.630091
303.880612,-370.404301
482.477779,-488.276045
1025.133101,-327.819469
859.692751,-580.512137
354.495824,-311.935276
1028.588043,-314.809426
839.523012,-561.659279
1036.054400,-462.514485
1035.859096,-307.444618
391.990524,-261.298709
504.140789,-345.716538
1142.947137,-518.974646
1154.246645,-507.380264
1011.532417,-346.678409
446.541706,-282.353174
409.939510,-456.681140
841.266301,-548.618507
1246.696906,-422.258572
1170.633587,-228.516952
1200.738003,-506.745787
1241.364167,-388.500349
492.331549,-523.801788
745.634576,-603.654144
1033.025039,-437.529635
457.388519,-507.199527
1100.943731,-228.870887
1036.631175,-444.951941
411.304835,-272.569641
1049.316666,-477.374258
1250.791706,-380.939675
790.542067,-494.187787
1093.460371,-219.285100
1044.412960,-454.830161
475.020634,-494.582056
1059.985456,-468.149322
740.424047,-620.046266
1233.135563,-373.899020
1026.835903,-363.288610
416.188165,-520.655753
413.047967,-472.725359
1014.124124,-401.473122
1029.597312,-369.036258
510.515817,-428.243088
1184.219005,-500.052924
1028.942950,-430.683258
473.891795,-499.862390
752.723486,-554.646392
1238.841196,-530.785430
1075.400517,-252.776676
1161.439337,-521.349553
1202.476968,-236.652410
1026.160692,-337.621628
1190.415482,-490.082674
395.837520,-258.342617
420.915796,-520.080665
473.859166,-312.253883
1041.490621,-467.429273
439.552985,-489.966020
479.020261,-333.143282
495.734445,-510.587335
508.094232,-515.238847
1238.013541,-280.298111
428.116171,-287.157423
457.272471,-501.152046
1227.838153,-511.049645
1240.336159,-327.308827
1170.811783,-463.354087
1089.801842,-517.642474
474.698365,-509.489957
799.757281,-479.562973
344.748790,-304.303554
326.096976,-363.455311
1027.658760,-433.570696
862.252466,-562.920753
1202.618652,-503.043894
443.916206,-487.134919
337.889217,-467.965666
1101.189473,-221.779943
802.566945,-573.391833
1217.562508,-506.662451
430.417911,-459.134038
1125.251267,-235.882121
835.315036,-573.802847
385.908304,-262.197261
449.130016,-473.365809
1160.566561,-459.846265
1012.740546,-333.905583
1233.345940,-332.588033
1231.389149,-383.580132
751.959118,-550.846492
1081.394059,-240.078284
491.327064,-365.183507
470.591498,-295.596567
344.416989,-514.577814
461.011672,-510.351149
1248.614343,-441.205583
1085.569993,-221.897753
763.352543,-558.836828
490.668641,-524.261738
826.073972,-563.554409
1032.693276,-439.227680
484.298399,-469.272794
361.701267,-511.564229
823.561631,-477.764759
812.833931,-574.936999
875.038176,-572.633538
464.304789,-506.310871
804.745542,-475.128370
360.653730,-284.403321
495.668669,-484.552185
736.997031,-600.531095
311.693160,-394.826547
1203.604641,-480.320704
808.025400,-576.571403
836.042098,-531.151124
1104.007274,-515.121193
718.225834,-623.520027
386.272992,-276.982200
1021.318895,-321.308851
825.711963,-490.698016
846.111887,-541.166374
1016.579255,-414.394612
1099.480665,-511.355858
511.209271,-381.545163
1020.943379,-306.179675
341.778148,-302.206858
1066.825417,-507.557965
429.453763,-265.448409
417.484483,-467.047265
308.271681,-382.730513
1015.105344,-356.156704
496.842541,-362.461642
1169.758348,-465.846342
1246.986138,-446.158818
434.556048,-281.192862
717.221713,-637.514884
881.956158,-597.433452
775.817487,-573.149475
1237.526143,-377.286209
796.939964,-452.464429
311.159465,-357.493276
870.274326,-596.836733
1129.905977,-235.187782
1238.263721,-285.537648
481.172239,-327.024531
349.567699,-299.844866
341.438854,-321.183968
1031.356197,-278.936597
1169.035405,-507.156440
1112.904622,-527.025748
1236.522797,-384.853911
1245.198981,-429.489568
449.826735,-294.881824
771.797183,-569.235353
1220.156429,-294.087008
825.414486,-566.156227
1037.801289,-456.526299
1018.248891,-409.712228
1202.906240,-249.192702
516.326088,-384.800825
499.965840,-375.457663
1040.881612,-272.494011
1026.117684,-324.796366
493.524874,-353.845128
1253.049565,-378.490598
1058.043991,-275.261116
771.349191,-504.925242
1222.297285,-489.847891
738.458474,-592.627939
1207.809908,-242.318531
466.768757,-306.778376
725.865504,-612.750830
323.189767,-395.599343
1146.111893,-506.814236
1029.628756,-357.767190
492.952053,-425.262980
798.865819,-455.424179
1231.256314,-500.871057
372.914646,-265.867051
1235.564110,-475.416086
726.867066,-644.887530
1238.428675,-283.351303
439.630894,-278.020874
372.283422,-521.731740
445.816003,-495.731579
482.533437,-334.879488
1034.089416,-400.501277
818.253892,-462.164667
507.972591,-443.578441
303.772134,-420.791603
361.654720,-502.573903
1148.023698,-464.829799
1187.723638,-468.338410
824.087558,-478.053585
498.219353,-458.260033
1021.653858,-351.019987
1045.374788,-292.639783
1100.187453,-510.489070
1130.682550,-506.114441
384.367329,-272.771504
462.446177,-484.353405
1253.958006,-543.779660
1168.077376,-218.916304
1082.669857,-224.775081
353.175377,-519.932117
1247.031808,-403.395132
1149.178052,-449.326243
888.797051,-611.714785
1046.145957,-466.317177
322.842817,-489.777842
323.457770,-470.617460
1185.278883,-225.471231
302.217835,-401.455231
1088.982812,-505.107045
351.222869,-301.169245
462.207888,-504.969639
1034.816005,-414.556538
1190.439078,-487.863243
776.506088,-528.470039
435.194461,-515.552243
456.442041,-479.344554
496.691464,-344.003644
1080.661285,-513.964328
848.224170,-543.966325
318.693166,-374.498282
419.713433,-519.673176
1082.126021,-509.474274
507.388233,-460.378053
1030.991533,-405.390582
391.946705,-515.206157
1235.033457,-441.971113
1216.758722,-276.346542
1219.693765,-467.600507
1199.768142,-236.878023
1080.598417,-513.963140
759.234914,-537.298324
346.135542,-323.090702
740.947175,-599.976350
1108.205404,-233.290976
498.953795,-477.826996
786.588184,-470.950512
772.214089,-507.773010
444.752112,-509.559914
734.809510,-578.493071
1172.516025,-230.980244
453.233541,-486.255192
794.120259,-461.923909
437.388761,-281.427799
782.467798,-519.151254
318.280760,-405.787774
1120.718798,-231.493165
728.245916,-643.766284
801.470157,-458.823731
507.535444,-410.360773
1199.109421,-499.820795
728.328133,-596.335796
492.883097,-337.281820
1088.256392,-237.956831
1196.382110,-473.547286
1167.080850,-221.204470
1254.057706,-408.387498
1187.654046,-233.531835
827.600041,-563.613843
1094.632125,-228.647354
1222.410269,-462.961474
1108.876766,-527.069789
421.270329,-518.370923
1225.646557,-307.345666
1214.325664,-245.827466
775.001568,-522.467647
353.550708,-283.785169
500.377374,-440.244431
367.678710,-273.050016
439.332686,-291.771591
459.869519,-487.187269
445.727965,-490.022537
329.570628,-503.515732
889.543860,-615.790666
497.374263,-347.122311
1054.686564,-465.414885
440.492525,-279.571627
1249.530049,-541.000565
1045.660634,-257.602310
316.991445,-466.297747
823.590584,-482.118673
1026.440343,-309.473832
414.055371,-455.034687
398.030284,-514.869321
861.356047,-594.490946
1230.500000,-314.508821
431.374266,-477.461810
892.477620,-623.605421
1248.857699,-441.749063
476.405504,-508.141318
1239.253724,-436.664078
1114.297560,-225.094662
506.227733,-424.016896
1258.050211,-532.213422
1185.294314,-227.359111
1055.401983,-470.714473
849.445595,-543.663105
1015.271459,-377.426963
465.452054,-485.710718
1052.331992,-250.378062
1238.578670,-431.322791
389.207217,-533.581137
837.529206,-540.426250
450.405340,-474.386259
483.559148,-491.498966
1099.025544,-511.254611
794.891374,-458.534848
1027.893681,-384.090899
1009.982744,-353.095180
371.450597,-506.746582
482.452701,-475.027284
361.082915,-500.730510
500.829773,-405.173836
1112.247600,-229.762953
1146.237539,-464.381178
411.258589,-471.098692
326.843724,-436.100965
841.619487,-527.176136
1017.030628,-394.538749
333.591364,-469.832857
1232.885926,-326.112057
1018.552434,-299.330128
496.995173,-321.842570
1230.414916,-338.255780
1041.133399,-465.811085
361.674475,-505.393998
1166.045277,-455.228478
1046.845993,-472.453135
1241.088466,-449.722742
467.322129,-286.505069
885.864931,-603.533332
1210.660827,-479.240462
329.585125,-463.962193
403.425036,-513.670293
1178.906739,-220.064471
418.081807,-475.762900
845.073179,-576.864024
1067.365201,-232.064114
1039.670186,-266.636427
501.693514,-356.434856
821.464969,-482.698200
866.723266,-555.338571
1103.195539,-217.201732
1074.415193,-239.214723
724.928668,-644.557628
315.064637,-463.656597
437.474694,-519.976236
487.484869,-522.729204
1213.231531,-276.086259
1190.864726,-496.139979
365.393825,-517.023060
1037.561832,-270.593685
361.563649,-292.748260
785.451737,-457.400189
1233.392212,-309.237143
503.725364,-511.702447
1125.898595,-513.752379
1153.092223,-524.529164
1021.924822,-426.409268
1022.819940,-396.560104
375.217529,-265.925387
494.810890,-490.378628
314.705421,-383.544735
1018.296968,-366.736648
379.326915,-527.006229
486.804374,-301.871620
1068.206330,-241.710973
799.967299,-486.789245
769.180588,-537.965996
1186.211188,-242.769649
1189.387732,-242.599895
1244.584185,-385.401922
466.077915,-289.508285
1072.857593,-233.187888
337.001705,-321.859891
1063.278218,-254.545401
499.091967,-372.151669
1094.022918,-522.932755
456.200095,-493.211737
1231.417566,-359.908459
314.105692,-356.379809
809.643400,-469.958123
1051.171065,-477.076412
484.173935,-309.082457
320.691952,-413.197407
1247.336162,-311.517531
1109.298061,-231.603487
1042.069921,-429.437955
1145.675173,-217.938931
507.589055,-404.968396
896.996074,-638.974717
889.112587,-620.473508
1223.554039,-265.178098
454.469721,-482.630029
1071.624784,-480.465238
782.687997,-529.472908
1188.754814,-222.920261
503.423416,-400.847124
1204.452973,-264.056729
432.777245,-283.646618
774.264906,-528.264652
1201.518308,-254.460354
1073.525844,-239.784151
473.658743,-314.610435
755.478129,-559.151473
455.569764,-302.664066
1144.104548,-521.911312
493.080263,-517.455262
884.029334,-637.478312
799.165365,-453.885459
1078.454923,-243.809694
504.842840,-463.160396
890.842883,-626.296971
1040.092618,-285.922409
492.433772,-464.208018
1054.915178,-497.520451
748.462632,-572.924529
1083.145409,-246.360908
772.754244,-506.823289
428.560198,-456.837063
1246.435430,-528.886920
348.436087,-302.445661
429.903299,-270.990301
820.592081,-569.856498
1033.997552,-319.747639
1211.714139,-478.323727
305.424098,-418.429105
818.843363,-459.357589
1146.701079,-509.659051
510.620888,-425.179132
1235.883133,-507.641084
461.422548,-302.585241
836.980561,-506.242335
405.599517,-261.619986
483.974146,-496.335487
718.795037,-647.653574
1104.428246,-237.019821
406.457201,-524.725158
357.226904,-281.221395
511.715892,-371.042751
817.025246,-455.667516
772.630509,-502.515180
507.199210,-459.268940
477.792882,-503.379041
806.403627,-476.585709
1220.328696,-486.341481
501.584412,-379.823326
307.592287,-409.835708
443.001450,-531.584715
1124.529622,-511.760831
1086.378396,-228.284547
1072.589376,-502.093339
885.875163,-609.840024
428.732136,-473.514374
1049.844356,-445.016106
865.495791,-569.968993
404.896391,-517.074792
1084.288557,-231.958889
882.106956,-590.708251
1021.231909,-389.132061
770.807606,-517.930333
1169.333599,-232.517254
772.550830,-508.149502
504.899350,-463.220522
878.853749,-596.095132
827.094023,-491.699632
773.770845,-572.892026
324.070673,-388.091656
318.057188,-384.854163
756.709287,-553.097350
852.819509,-530.393309
1227.420417,-484.406233
1036.333182,-459.452997
1230.398888,-354.719650
763.148444,-544.500388
1239.903844,-317.152316
1226.071356,-514.906242
793.919259,-580.179795
1080.969187,-497.600452
1121.453784,-215.882530
366.198103,-280.214381
1240.798947,-397.613340
354.792192,-295.982354
1242.787118,-290.064973
861.783430,-562.565196
509.190281,-445.326131
1249.790293,-401.648442
484.008670,-509.834524
835.497192,-501.040530
336.713502,-319.703979
473.137131,-295.485018
504.421242,-361.171822
765.760626,-579.430261
771.660662,-573.499576
1145.912410,-215.114493
1044.424257,-271.230790
843.091117,-519.787373
852.801408,-529.166730
390.014919,-531.170120
1035.051112,-274.736922
492.994757,-457.557785
789.797721,-495.121067
1186.908662,-241.292366
1248.338879,-401.312046
328.720883,-449.394171
324.426007,-373.984314
431.916088,-270.212577
1124.958655,-520.847611
759.826937,-583.189612
1074.182952,-229.598287
1063.550369,-234.426831
494.737529,-485.851448
449.571579,-278.216016
1252.621387,-364.887471
435.017938,-465.408595
313.274699,-394.106667
494.238149,-329.353270
321.309514,-347.271806
1058.824325,-240.416291
770.790611,-553.754547
718.077678,-627.438408
1229.794194,-303.374988
1121.108013,-229.591275
1110.802886,-226.899562
821.466674,-482.469179
845.106863,-543.115556
723.150694,-627.521536
799.868761,-485.462520
1029.900456,-341.298620
804.374409,-560.954198
775.704778,-560.210739
1247.898020,-527.151487
345.756381,-503.995187
845.767193,-532.433823
449.035300,-295.592751
331.087148,-507.090937
1022.778451,-363.191698
361.571552,-274.881443
325.565802,-376.695411
784.273311,-522.633563
449.389944,-511.260067
864.251426,-548.301618
341.155978,-509.920445
1067.238346,-486.964021
513.303775,-389.808616
383.853389,-278.486735
1217.999643,-266.282064
1146.563995,-215.005246
439.530915,-284.695068
1095.572261,-501.614474
1037.942965,-267.895580
1201.611459,-233.840497
1031.800295,-432.831513
1131.339568,-520.549376
445.583142,-489.762104
496.735540,-398.268710
479.885460,-481.324273
1034.991468,-462.867216
497.079896,-428.912304
439.580661,-528.028969
1250.444599,-417.049254
1027.332148,-367.063718
816.998878,-502.158487
881.309403,-634.413714
737.449527,-615.924327
1132.059582,-510.343349
481.070825,-309.720791
327.853966,-433.036634
1217.608227,-493.902538
1013.537970,-372.017679
873.252503,-600.424596
375.633437,-523.798973
752.035112,-577.932144
1239.454712,-318.954901
855.432507,-567.616359
818.263704,-565.141617
1141.541189,-521.218976
496.298065,-338.553514
1246.963899,-315.027088
1026.064988,-403.292198
325.788779,-438.661352
1030.090096,-328.233816
828.500855,-561.292245
408.870479,-281.202359
1015.348268,-384.935157
1167.629438,-512.188192
1165.933022,-227.677383
1235.532655,-330.853908
504.573948,-408.032490
476.265688,-310.124308
425.791009,-475.198171
875.313117,-582.800465
821.477753,-510.982427
1198.857925,-489.150194
315.079572,-411.693070
847.829542,-576.105193
1238.929936,-366.346334
836.643116,-576.200899
827.401903,-490.476532
1175.394889,-511.527677
335.856252,-485.996627
444.804471,-282.942918
359.749227,-302.650861
500.798663,-368.342852
327.992406,-365.776793
761.537252,-547.657510
495.912168,-457.938301
1190.507158,-236.460401
1208.358197,-271.359201
1013.572471,-401.156440
869.662310,-583.221822
829.833124,-504.198086
1240.944309,-339.312123
828.745064,-557.267016
496.889627,-321.595941
434.796840,-485.293218
428.295767,-277.173445
891.267476,-631.022408
1179.123999,-472.340376
728.541733,-599.491004
336.847861,-341.790899
1228.637704,-285.931359
1232.136757,-395.794219
1015.333886,-326.766076
1066.381251,-480.291811
382.103702,-524.277425
368.590700,-505.172347
1027.111841,-428.743307
1241.406176,-429.690554
422.981360,-266.183248
1228.287798,-442.080835
1176.769801,-516.761334
1029.098657,-294.136377
771.501554,-568.459217
319.166227,-469.510295
843.039926,-562.520198
1022.831263,-401.471031
862.869145,-562.913420
1228.177882,-337.755478
1149.452091,-509.224258
1038.749370,-455.944911
492.529285,-341.559785
329.487432,-487.487263
779.760056,-578.224068
451.510623,-482.513473
485.031583,-465.516138
1153.425072,-212.628898
323.293878,-332.667377
775.724903,-573.205953
1251.855667,-410.239864
1207.552702,-238.199398
1030.619790,-364.450703
764.006315,-544.534353
512.813005,-388.989579
845.930254,-515.672256
1089.607287,-520.275548
322.971517,-320.166425
320.611855,-340.846668
1074.321615,-509.561254
1154.433013,-224.699247
1126.478077,-214.144199
1240.740966,-360.807158
331.461138,-496.645296
469.768451,-499.131490
499.273289,-327.400851
1153.210166,-213.019877
759.959026,-541.290238
438.799510,-273.978334
871.493518,-583.692759
1214.246862,-482.634592
787.519658,-518.313068
1014.944427,-312.645377
1022.808740,-371.290962
421.045037,-458.385234
1066.152690,-260.578587
406.165787,-260.530230
1046.336828,-444.028797
1036.376600,-288.016386
836.337021,-493.677183
873.379918,-569.893319
474.222000,-514.463609
422.015934,-462.983799
1241.964695,-409.688891
819.580518,-483.711671
1022.409450,-396.932729
1158.071611,-229.593311
346.157302,-488.176937
306.022038,-360.952678
1023.157055,-428.821580
791.193662,-472.682097
334.207364,-502.565244
402.559166,-511.958483
495.346105,-432.961864
1025.583183,-396.114919
807.694310,-447.510307
1117.103745,-519.669140
1215.867423,-493.707738
511.892941,-393.679289
1110.437698,-505.333815
364.631509,-285.768283
1037.838486,-306.509568
1045.002859,-444.678525
860.326633,-561.329586
497.246268,-377.248601
863.738684,-550.389729
448.727823,-490.189281
830.052867,-512.680088
829.487195,-515.186552
379.071613,-520.193130
798.538233,-485.121651
818.860715,-483.113955
475.463104,-290.310917
424.455492,-282.028514
343.793071,-493.124443
796.264920,-472.987748
1258.980277,-530.290072
316.205804,-403.914013
501.144032,-469.006934
441.486196,-511.114046
1015.169793,-380.582577
344.586977,-506.916924
411.317951,-525.322920
1245.469061,-319.022501
1202.362834,-264.753574
484.159098,-514.337192
499.028137,-403.478002
410.704950,-521.192073
476.918213,-296.484007
505.975686,-524.803390
1238.167398,-401.557052
1235.041492,-450.552080
495.721702,-413.178353
328.146009,-442.755356
1233.398277,-415.732933
1016.116744,-339.661094
490.158362,-521.079774
1211.729255,-272.464215
470.619779,-312.835531
887.631437,-606.497590
479.482257,-497.364114
848.695067,-556.593810
445.992000,-503.897639
749.320077,-594.865729
1129.917649,-230.580422
828.431841,-507.359777
1079.316824,-243.366318
1029.888628,-424.033563
446.427973,-494.526551
318.381844,-426.208135
508.819255,-426.449205
1037.345548,-265.796099
419.429290,-465.372604
839.581628,-562.395523
1237.777401,-336.686940
417.669760,-465.365422
321.296059,-341.915185
465.096986,-496.945161
854.534641,-567.282769
759.804766,-547.825392
317.242382,-359.661087
841.093047,-503.696063
741.715597,-591.330677
321.617591,-444.129318
1070.004895,-503.735451
812.701279,-493.005863
324.712382,-472.954159
415.120825,-456.895432
1091.736927,-508.985025
830.583951,-485.435881
335.970933,-500.693396
1209.769008,-244.150587
1086.811382,-238.410562
424.435443,-471.453163
1008.340696,-353.324439
1216.411376,-283.546676
778.321135,-497.549392
443.026380,-485.726046
306.325328,-407.884384
1111.011560,-227.567700
1214.244856,-263.930876
306.253418,-439.447031
759.108720,-561.556008
345.730315,-290.137488
1252.580744,-373.328209
847.051186,-544.456858
770.638895,-512.328260
417.971895,-456.687965
1231.009500,-280.954319
777.270164,-485.211120
1148.962556,-220.441720
418.895761,-531.248933
1017.276000,-396.192441
389.295746,-262.671458
1201.048679,-501.584514
348.940445,-498.726110
793.453663,-466.708476
1057.607142,-489.696971
436.726792,-292.762241
1035.419028,-412.259394
758.982814,-568.385354
1191.603589,-511.921305
1235.727122,-286.388920
421.822052,-473.306552
1115.067656,-515.767377
1048.457220,-453.072568
360.586395,-297.236857
1204.152337,-501.750271
762.253438,-524.835974
882.037368,-603.123884
1224.826702,-488.488239
453.451858,-519.799140
1023.080477,-411.147908
1233.694756,-369.731198
1235.746364,-385.161268
495.750350,-504.511339
488.875670,-513.317961
458.897223,-480.369935
500.686770,-380.838894
847.029455,-553.826495
505.961821,-443.820578
499.579085,-397.597764
475.459034,-496.838755
807.338961,-573.797468
482.752154,-314.328546
1241.093149,-407.767924
1240.435577,-292.679105
460.151010,-296.802619
356.553207,-501.048950
1025.694056,-359.219736
1118.072927,-510.816225
1147.918346,-451.842314
1075.116846,-501.300218
1224.902606,-489.596313
428.639681,-457.395089
769.763535,-540.800279
510.362002,-399.745773
501.673930,-333.368356
494.833657,-503.335409
1105.401650,-512.608301
1198.824458,-493.288493
1089.735402,-509.226468
1239.611242,-358.574072
1180.315325,-481.245043
1052.702075,-255.756692
1116.551407,-506.791365
1242.514478,-509.679375
1199.158809,-244.870329
322.243963,-470.043287
457.906068,-511.721999
326.538201,-435.326326
1158.229449,-222.043527
1203.300894,-257.764504
1248.843590,-389.524288
1127.044500,-514.586875
1064.075026,-234.425223
729.905148,-611.002639
1187.290648,-505.191128
1235.912551,-413.806435
381.675095,-267.101121
719.228949,-627.445629
508.794908,-435.397335
1229.918791,-262.771743
1142.176207,-456.622241
312.054946,-451.498929
812.490317,-458.612237
850.629279,-546.797965
358.047910,-276.149876
1170.691537,-500.258240
873.145109,-587.565750
371.537835,-520.949324
507.710247,-372.268798
730.992453,-618.901062
865.902722,-574.063025
450.308669,-490.395824
487.951553,-360.210202
1166.545160,-512.886650
1129.773981,-232.403016
1223.532790,-479.013458
1123.845572,-522.984210
1130.355743,-511.729212
1017.730202,-382.041322
1074.650307,-243.763957
495.126938,-513.500682
491.312067,-326.492993
1096.627436,-520.878412
437.465152,-484.782728
412.938695,-454.361523
1011.455211,-371.222327
411.942171,-265.519016
457.819826,-283.352817
436.928896,-289.039586
1020.331162,-308.443417
497.976690,-387.057284
1163.374187,-479.381958
461.759110,-488.577190
1025.612174,-283.158441
769.313230,-548.168970
815.283970,-573.071523
471.667243,-291.085295
317.421994,-462.430702
376.524342,-275.471531
407.372069,-468.384687
759.128025,-556.695697
869.444511,-587.944676
473.077210,-307.473318
312.027393,-465.041900
313.981235,-410.972894
414.780868,-464.452901
1038.839612,-441.629958
333.658407,-344.085277
1102.238333,-506.519795
1057.024426,-265.977638
845.936652,-510.538091
757.607276,-566.088188
363.718166,-287.130692
753.434584,-575.360062
440.037842,-276.619794
495.663056,-362.657952
421.839282,-466.920209
1230.624574,-277.973414
1054.928939,-268.315914
1158.882946,-451.093144
1251.277804,-525.108464
352.169446,-515.527453
374.696699,-509.713453
748.588638,-593.982281
496.683767,-415.762945
312.411106,-356.461938
1231.223067,-340.139213
311.387462,-344.432116
770.576777,-563.015661
1027.108897,-349.048401
491.322751,-344.616632
887.262603,-616.292700
1053.720252,-466.756591
1234.601141,-347.440314
893.643256,-615.315576
1222.050632,-271.311501
312.545912,-462.401426
1229.460953,-420.689924
1011.783487,-316.833162
1027.634428,-307.170678
1239.005566,-417.671952
438.943766,-526.784985
1230.095854,-320.905806
1243.552655,-415.190252
1227.861977,-444.707899
328.900293,-493.190167
1225.118203,-302.282585
503.934602,-403.313035
1034.268337,-277.229880
1221.387264,-471.537463
1030.083380,-376.223399
333.723091,-476.065134
1240.491782,-425.237747
1043.371880,-467.160504
716.218804,-627.302429
789.342825,-469.781718
844.596395,-547.605972
1232.256957,-353.904704
1138.323008,-231.920133
441.491011,-511.046994
420.407822,-464.861910
488.266597,-452.694695
451.080679,-491.651540
824.140974,-558.372016
458.490631,-488.417855
432.684780,-290.294779
1202.077554,-495.759257
1073.894939,-492.955137
452.883294,-277.007734
1235.593940,-514.689212
801.730664,-559.006243
1049.778978,-482.630858
1194.730361,-248.539956
488.113609,-500.736543
828.433291,-516.745343
819.861520,-509.070666
1117.259284,-510.661034
734.500254,-603.096095
1120.856311,-516.517378
504.642366,-432.294506
306.904238,-372.438265
792.358418,-506.745414
1183.296874,-221.800942
1188.872858,-487.022720
375.064284,-285.371691
1174.834433,-512.260965
778.594903,-537.650104
1032.315957,-421.208785
484.077927,-333.688911
784.934636,-471.138691
1245.485018,-385.863803
835.723705,-531.855096
1153.233202,-214.864492
438.827042,-278.932184
1193.696585,-475.085252
1197.298921,-257.045657
1227.332219,-299.963952
322.719922,-352.722671
440.331403,-467.936192
809.411559,-461.622456
375.797394,-273.143544
1231.788350,-514.479770
377.451752,-266.072224
436.813105,-289.083130
815.298081,-479.041410
1066.439754,-514.543985
1098.477302,-502.114463
1023.447828,-406.545399
317.055097,-450.416627
1239.499537,-506.595507
743.017679,-561.172296
351.893656,-507.505384
1043.848528,-466.526895
1055.553690,-488.473559
333.578071,-508.123829
401.173542,-522.651851
836.337652,-524.768224
1230.857962,-423.982482
497.902598,-476.953046
507.754025,-418.044736
327.702612,-318.475679
1240.605661,-537.613756
889.085523,-604.498365
454.454005,-479.197670
383.382955,-275.490113
1050.481517,-260.471087
1042.415511,-448.460454
1231.863221,-275.306415
340.041601,-512.110624
885.157053,-623.584617
1115.180698,-510.338180
805.675920,-564.771444
1149.543093,-228.511046
1235.490202,-406.087117
1241.391507,-445.918114
1068.485358,-254.025011
717.455005,-620.590379
1015.606102,-308.937246
314.229051,-419.527272
476.540793,-316.300072
1233.854117,-325.918338
1018.464756,-299.367571
894.289596,-613.260820
758.778726,-549.099842
743.705324,-579.109534
1033.133382,-303.469144
1068.478614,-235.804312
1054.131849,-246.009877
461.983425,-520.905659
317.727906,-335.484539
1158.392801,-232.668878
1076.508457,-488.090314
1144.379814,-456.738847
1026.558921,-382.664184
506.145970,-442.633395
428.760344,-271.964259
1127.792395,-222.043716
1246.401261,-341.565828
1229.526339,-441.760081
1066.487938,-498.126851
847.761968,-533.998295
1233.955174,-323.775034
325.763420,-379.050869
794.681658,-565.772851
1062.618125,-249.703913
1056.267066,-263.676749
802.047047,-579.896800
410.773308,-463.477590
859.826291,-558.784222
1045.323956,-259.321886
1097.280396,-229.582737
801.018013,-562.922112
1029.049693,-354.210734
498.171495,-345.443250
1176.744179,-505.986057
1166.701017,-510.241649
439.076140,-477.022324
857.994053,-587.715963
1045.239208,-466.312797
865.602879,-563.985514
496.944525,-521.349662
1174.831330,-476.230943
336.163425,-299.038861
755.222146,-565.820895
1146.978451,-235.974328
326.591298,-364.741190
1188.296217,-478.155929
776.394160,-514.974468
1030.439491,-300.873871
484.345444,-516.233165
1230.413388,-500.697305
1231.044706,-359.434405
879.463953,-622.474049
865.170129,-585.911001
495.908686,-387.934473
370.934357,-507.709915
726.453685,-620.531872
1144.689299,-229.130496
307.677686,-422.185163
1147.142055,-466.772875
419.581516,-525.975183
1048.600872,-256.299021
810.890739,-576.794479
1021.044621,-417.200666
808.160191,-450.050107
319.710884,-445.006960
1021.956299,-325.229607
872.727923,-577.012740
1020.179612,-336.215734
391.620692,-258.139648
860.056303,-549.672280
1141.949488,-467.326809
406.009042,-465.315218
1186.418629,-246.168234
376.370775,-287.735855
504.424785,-473.679416
825.032175,-517.818608
1180.714104,-472.529400
864.292544,-555.837337
1025.031732,-301.878774
1191.245958,-475.775416
770.684711,-514.713509
1034.427736,-442.803718
1185.983822,-241.256236
487.948378,-470.920832
1227.086187,-441.473827
1053.403129,-267.404980
330.578580,-332.408011
499.152452,-523.088613
342.659184,-505.106604
875.050969,-585.216242
