1478.947213,-363.889401
756.394039,-420.993937
1075.724590,-484.137772
845.090127,-432.208869
1172.343364,-494.984429
1211.713141,-512.550837
1483.078438,-479.769470
1450.845653,-402.975969
1482.447240,-422.547444
185.758516,-472.158418
1368.411460,-476.110397
604.253937,-482.014908
168.301655,-390.868353
917.530505,-499.020434
188.176077,-487.408931
255.133208,-452.918972
459.932517,-457.304308
1445.141275,-354.376392
1415.338048,-470.350961
1408.076662,-367.860426
1062.774111,-508.243045
1174.030922,-499.999963
1056.192797,-512.521086
1438.911824,-430.055075
1067.948461,-500.251226
550.969805,-472.194682
565.548150,-448.474678
538.581097,-420.419367
548.195500,-474.085988
325.250986,-518.643505
263.300108,-442.149129
1427.593617,-518.411162
1342.642581,-425.344334
587.584555,-514.867114
523.167861,-513.851626
1433.723439,-515.004769
493.531277,-388.063338
1139.816445,-492.214209
1428.664803,-432.488918
1022.128694,-453.540414
489.844465,-515.427043
218.903496,-424.894258
1365.142938,-485.113186
131.193099,-488.219217
881.592530,-440.928968
537.942384,-424.363454
1421.108599,-343.861804
116.539883,-491.747841
137.011877,-458.924445
775.185153,-363.886865
1391.525685,-433.279575
247.489314,-541.604282
90.988621,-457.507732
762.342634,-405.781521
238.169855,-388.273691
1438.505412,-469.614488
513.321712,-431.048794
809.158933,-421.670924
853.318847,-463.673172
770.261781,-482.009090
545.071589,-423.625937
230.018202,-452.026099
182.433504,-471.187634
518.951039,-510.426871
478.604741,-428.995161
615.164402,-512.567883
766.481375,-401.533907
1443.444038,-466.037865
1137.035338,-417.493369
772.101387,-472.273445
1442.848668,-460.966300
1480.729100,-422.327755
1382.722845,-415.268018
847.206471,-527.678904
1449.553933,-494.456383
248.924222,-486.636751
610.857305,-405.221168
457.150731,-518.002326
740.450771,-438.448547
1452.355263,-338.367431
191.203158,-544.904030
837.037031,-526.514695
852.285056,-510.865581
913.287862,-493.381396
534.622368,-418.603510
1175.887839,-502.869250
1418.986337,-543.615093
765.118967,-404.198627
565.591365,-491.507046
1516.238202,-419.952787
830.306087,-397.378824
604.646373,-409.358017
484.272520,-489.131958
585.520507,-453.518807
277.941473,-438.810677
491.788738,-384.329817
1023.534781,-416.009205
196.040216,-567.851056
1485.382904,-359.141104
1477.142733,-365.994156
1418.312140,-406.636227
186.458652,-511.128725
176.842239,-426.037774
762.496100,-408.619226
1039.953085,-534.534768
1461.076205,-436.724172
807.951774,-481.996098
1187.804924,-503.462126
1135.005085,-421.640382
919.876244,-500.694284
506.921082,-467.702856
1072.611341,-368.030392
245.030394,-483.517026
158.340505,-402.763293
1446.400483,-362.192067
1450.881892,-400.034608
1453.234202,-546.530193
594.812010,-438.564980
129.702620,-429.422405
565.661124,-515.466417
466.582501,-372.658973
199.563521,-539.665658
844.223758,-499.276466
588.333467,-509.566058
1457.123790,-359.243788
846.104411,-492.947639
570.565280,-489.164601
1478.091486,-474.387366
508.435763,-372.625194
871.554979,-393.873218
260.690108,-482.111506
1036.669366,-449.846667
811.127213,-419.647311
563.691801,-418.111640
764.113028,-503.452289
296.769233,-465.637600
1184.386602,-507.545385
715.371838,-465.068619
562.441208,-467.970121
850.250686,-515.286862
889.103685,-414.315336
189.871590,-459.965857
229.434622,-428.153933
506.267474,-416.323107
555.403960,-384.827247
761.217208,-409.709515
843.331314,-537.092512
1476.606103,-421.811955
805.937585,-494.661329
196.438490,-572.405744
1154.304002,-417.797151
559.610131,-404.470598
841.234920,-513.869205
1125.528705,-380.861026
1489.278205,-533.313159
1176.068353,-497.804987
1090.653084,-515.985182
768.749216,-409.886239
1012.957592,-447.235019
846.327435,-425.685578
135.328676,-478.649494
133.065238,-471.129267
217.180183,-429.943632
841.814698,-371.911838
781.884091,-370.231488
851.516037,-435.398851
1452.712219,-492.935865
231.169161,-543.462606
1413.477809,-543.534160
522.499280,-469.499977
580.574106,-518.510569
1133.298653,-410.012615
886.989062,-409.713303
188.935171,-479.547082
486.164707,-492.982442
565.856585,-437.728106
1424.192697,-428.123123
610.794034,-412.725434
292.018045,-523.104578
1376.124892,-430.533630
1405.927210,-362.829176
493.709890,-405.870759
1067.415534,-504.565786
770.605884,-400.555727
566.290074,-495.771612
896.436685,-468.321422
1092.547086,-479.320260
1473.565839,-542.703118
1499.847586,-419.339014
107.509558,-497.618937
615.828551,-501.153122
464.817729,-519.263792
1511.632296,-419.178484
1069.632193,-407.645016
562.787688,-494.997431
239.250051,-540.164443
1433.612199,-465.251840
1372.103278,-512.509375
1371.121375,-489.451845
1418.319879,-547.478043
532.244210,-412.802175
1080.399228,-458.400691
1098.823876,-366.960302
545.021974,-471.143955
615.143052,-514.701313
1149.559626,-411.706239
480.103224,-511.196605
227.815347,-455.338637
1379.274092,-340.793118
832.127637,-506.431479
764.829738,-486.755003
1065.067630,-496.441222
265.875687,-461.335835
1376.346824,-453.612241
498.566239,-412.077650
1455.567673,-497.306227
1113.901920,-353.114006
817.420442,-428.973447
1340.434849,-448.839056
880.978015,-414.875067
515.912012,-418.124116
597.735485,-405.034621
1026.292897,-446.942417
841.620926,-526.676124
537.870497,-540.561953
1075.202185,-391.208588
514.924267,-434.611125
252.984484,-482.682886
1416.016660,-434.187095
508.864445,-530.038642
773.206244,-487.206401
325.491836,-515.418357
101.687009,-476.915895
773.169684,-395.176537
1448.016397,-357.437168
550.120993,-535.085040
191.536516,-565.349224
527.061531,-477.353865
254.153671,-433.931852
612.657550,-493.933731
1398.833704,-550.848786
1390.409286,-361.709159
90.084924,-455.994203
557.498096,-529.064046
1406.923816,-360.916778
1137.395802,-491.336012
160.913482,-406.495641
1072.933342,-372.743412
1072.230672,-482.373663
877.970680,-386.692368
226.538993,-354.592871
1417.407527,-428.980789
1131.890076,-417.542867
762.479094,-490.883062
1106.634129,-447.361289
1368.918594,-432.472972
1074.480791,-379.890839
185.539705,-494.248071
199.973553,-572.998087
1092.260625,-503.708464
852.367751,-486.638882
525.875493,-511.607736
1439.594635,-438.236003
176.251660,-377.849839
1466.952564,-543.702444
262.385956,-450.528837
1467.938283,-499.359816
889.460964,-393.392822
1374.926266,-439.837370
852.464904,-439.574418
570.587458,-457.013423
1381.514837,-364.702365
1181.172514,-508.903121
1149.703571,-411.960167
1376.176141,-419.697077
766.899782,-436.750609
252.873387,-441.034969
1465.894879,-464.881385
474.818997,-437.533477
490.317752,-378.557974
1457.959407,-537.687287
190.221927,-502.845536
559.671950,-512.503786
838.446646,-522.158183
869.818802,-449.897788
1424.045191,-472.893139
1128.063134,-385.687115
470.164191,-504.228948
219.750376,-550.962305
1453.638870,-402.891972
879.337549,-416.096983
1443.751654,-365.240648
191.303809,-491.027332
488.275866,-422.978871
235.854764,-546.608419
183.122876,-443.962145
1041.772715,-418.601420
249.867003,-540.473418
1411.076474,-463.966961
264.661138,-487.458190
1377.338801,-381.172519
1140.252022,-480.204899
110.777317,-499.982886
752.659141,-425.931123
1436.359170,-523.457867
198.318228,-556.444943
766.251150,-458.642009
450.049272,-362.818577
231.736069,-427.001091
287.207040,-471.412663
1408.502216,-452.043917
509.638588,-472.491164
537.451542,-442.620093
1449.210376,-345.665560
486.897261,-487.564313
180.247941,-417.722326
857.843525,-396.789688
1414.602639,-357.629195
765.062918,-400.602544
738.915073,-450.322440
832.234812,-383.152516
1087.902064,-477.707018
1402.669984,-428.408014
500.323053,-472.520886
1101.145280,-365.115210
1149.748161,-491.530033
1473.743345,-462.064905
765.507429,-511.484156
569.678796,-520.729942
1451.868635,-492.210469
1186.597582,-502.466531
1021.174295,-412.021844
1469.290719,-492.710050
781.559640,-376.759407
193.451215,-522.915402
529.248297,-471.767305
1506.319724,-415.203179
526.947125,-454.843324
884.216673,-403.491529
839.824225,-363.308871
513.006535,-425.837018
802.857420,-504.211590
1412.245783,-430.075807
155.271563,-418.684130
1474.279960,-367.733773
573.493518,-522.286440
608.148254,-407.921169
523.475207,-494.423543
1126.387074,-377.650106
1481.827478,-487.821315
868.640983,-450.625347
1067.661152,-405.282596
716.636752,-473.754548
521.781048,-456.358353
511.179091,-523.195812
1073.311297,-368.161339
879.779502,-428.713739
566.109348,-480.683616
569.552452,-523.116763
767.117840,-486.836374
1069.618002,-500.277810
250.195068,-541.458930
849.747029,-472.052149
99.569495,-483.306532
1467.706371,-543.598763
1118.113339,-356.828526
836.500555,-403.279413
1204.879893,-507.359036
1117.880811,-480.030696
267.060810,-501.772985
839.823115,-374.832646
830.196961,-405.096785
263.336407,-407.843437
538.250948,-442.363479
509.313690,-387.768281
484.016914,-487.245934
838.997366,-354.000879
187.689102,-454.248292
1100.689370,-479.355241
813.182912,-476.741813
1105.506247,-478.476659
1469.693539,-425.454932
573.019613,-457.692115
843.666068,-365.026492
1183.225756,-507.558347
1412.524067,-454.422646
1127.290003,-484.288504
432.123742,-368.970740
1442.068961,-440.093077
300.374536,-520.771324
1435.649054,-465.641646
849.426659,-487.161758
1417.515569,-365.274011
592.581394,-402.268501
519.034831,-465.844586
1365.234550,-465.605406
1452.757167,-334.047950
583.467191,-454.925016
512.260522,-421.318651
1019.607467,-450.838085
523.880740,-482.292427
516.116530,-506.739318
840.115798,-510.209823
129.935266,-464.686258
505.748088,-392.195794
594.160596,-448.252962
1060.303679,-518.746144
1159.533415,-408.808168
274.373196,-402.562831
1127.250837,-477.585539
1412.510454,-476.762082
1046.256238,-524.941569
767.435240,-398.394049
853.331673,-471.689481
1441.407355,-405.859611
249.840903,-386.976140
1429.579753,-470.065738
1368.292063,-509.449122
1446.310498,-452.049996
248.036196,-441.988883
190.333746,-495.250250
133.913793,-444.297733
551.961802,-383.707789
485.946976,-433.076914
1073.646813,-515.278800
132.375766,-492.708932
1376.772013,-444.704723
181.244597,-446.966690
246.167040,-448.571314
227.480106,-353.651979
855.919645,-490.521982
1379.434842,-384.075474
1436.477359,-513.306674
1442.972196,-464.466856
253.267334,-480.048278
899.945491,-471.373311
855.580773,-463.176331
204.742405,-429.693172
1455.545490,-538.601837
1469.699698,-519.450328
1067.520419,-483.036567
561.361053,-437.869115
724.596667,-464.061351
1090.835931,-446.784272
191.145523,-484.487694
1463.862549,-514.650568
1027.742881,-536.854516
233.824154,-543.139809
471.078780,-442.329659
871.305900,-441.150883
1408.629002,-425.632950
854.211753,-469.878184
1092.215889,-451.543496
1469.714418,-366.275704
1155.646088,-488.044945
1383.882353,-364.817824
765.496699,-408.927898
1490.353591,-361.702146
1383.911890,-417.579261
1008.898448,-399.917401
1518.973892,-415.451217
889.667397,-424.513669
245.953065,-382.862920
615.117675,-505.758274
1050.365575,-525.141193
196.314726,-555.138301
1095.977680,-362.937836
1440.537634,-519.091688
1154.036213,-413.539264
210.283540,-549.181379
188.029537,-504.234427
177.798027,-410.945592
1443.570177,-454.385895
193.363981,-552.267585
264.885145,-434.286540
257.843145,-453.590530
728.898333,-457.286361
1028.795899,-451.312469
806.509657,-488.274773
471.459092,-447.613557
564.492696,-475.117756
1453.767510,-460.385665
445.229966,-369.665874
1422.285814,-367.535267
1096.314974,-444.768958
1415.821741,-474.610212
1123.804361,-477.153216
769.614687,-403.878262
523.655206,-499.042338
622.077849,-515.174917
259.126135,-420.738717
276.483889,-472.352062
1509.281524,-421.489201
115.811493,-432.587434
467.179643,-373.533350
606.793598,-420.370205
1187.100278,-506.731898
745.095589,-435.626608
1083.738134,-517.634535
1496.803435,-421.331395
255.807713,-538.559565
183.339894,-494.628789
195.455282,-571.900555
1443.308681,-368.757455
520.855941,-475.848660
1413.720757,-370.597484
481.104138,-503.949508
1430.178605,-365.867068
242.838746,-372.121458
109.563528,-497.588329
898.690821,-465.990887
1413.789150,-366.191829
1439.853964,-518.586680
1413.491936,-459.040182
528.941741,-482.261062
128.421327,-488.150992
877.632187,-447.006915
597.840841,-436.486454
462.294005,-521.743152
282.312921,-528.274822
1071.614582,-364.876009
261.981020,-429.274007
519.585195,-490.492583
1461.635645,-366.160059
1460.085672,-519.217225
1138.026179,-483.246120
223.535134,-424.610057
278.093522,-472.067568
1455.849343,-333.341819
259.395963,-435.614315
1022.641770,-446.085291
260.974130,-431.627287
196.186657,-511.793283
1367.077371,-457.532968
762.450997,-478.650782
254.052784,-481.110357
1428.480584,-403.796468
1338.373253,-435.671494
557.283250,-525.731300
850.749239,-479.624670
1373.819801,-498.113855
1374.571440,-512.727638
559.019907,-413.904111
456.158588,-526.548110
1370.103994,-417.215232
842.211868,-509.974075
191.713552,-562.475487
117.024945,-491.308003
878.278304,-442.452127
271.726475,-532.881011
119.713757,-432.006145
469.143032,-444.235021
502.586518,-480.785315
608.363897,-401.767977
467.397201,-364.473331
192.130576,-534.489929
764.058101,-412.815143
544.317826,-457.672449
215.943244,-428.643313
834.557397,-357.444300
260.194678,-417.383694
1463.646045,-535.301557
596.027299,-440.405731
190.883204,-482.362319
899.222520,-468.149425
519.187063,-499.356058
339.408490,-515.360268
1451.963568,-546.219874
807.319448,-488.968095
543.953157,-419.720616
252.419015,-478.549851
521.201633,-439.314912
515.060580,-528.641026
1417.920977,-434.646274
152.186529,-405.409491
176.500968,-438.036182
469.735286,-444.506269
228.910164,-353.975599
128.311322,-492.604310
188.510372,-522.922942
1467.103983,-458.865992
559.328762,-471.395648
1440.258728,-485.205751
274.009672,-525.830034
870.608733,-389.520912
1445.178827,-517.775120
1449.441796,-469.284251
139.964550,-464.381803
136.051317,-446.842258
1068.366367,-397.230210
1343.651288,-430.080164
836.343209,-354.260840
506.318300,-530.265405
1027.208682,-412.582687
806.332811,-476.157145
578.878587,-515.140469
494.871472,-407.375799
840.646313,-521.078428
1121.068664,-482.524576
562.873893,-473.272563
280.712373,-529.354993
228.022037,-359.672027
582.862886,-461.217055
1112.308454,-436.412086
1441.558941,-420.850444
823.883822,-396.644256
1468.025103,-499.217459
1163.471964,-409.036017
1424.348127,-465.567354
1414.320101,-490.713131
222.744022,-353.562062
188.181922,-465.134268
1078.182565,-473.633259
1376.152137,-411.502133
1455.778461,-460.250150
1128.715807,-412.232793
257.415013,-474.905718
1494.185481,-365.839407
600.908094,-496.622555
265.624807,-437.103652
1131.694791,-484.561462
1075.831998,-381.219332
1121.361768,-465.370510
183.751720,-483.472125
591.731671,-447.014082
186.524933,-472.107701
94.143066,-443.874472
881.821890,-431.829971
1101.321642,-501.409616
193.516157,-559.419296
1510.707296,-420.231029
1514.070180,-417.035515
230.936007,-421.897779
837.580067,-355.205416
1446.971572,-424.594261
739.695895,-450.577007
468.098885,-452.890424
497.703890,-398.860119
239.021395,-389.287770
889.764994,-402.274366
1017.005396,-452.580373
1093.105700,-510.412222
491.434886,-383.337804
331.176575,-515.330312
1460.075260,-435.932157
1450.146589,-436.348762
1100.634775,-366.943954
919.204429,-494.986994
1399.545174,-425.802085
240.484234,-545.715243
1461.050015,-368.189225
607.336545,-406.715315
1208.951180,-518.564452
272.842365,-531.283006
298.003661,-519.886431
1470.661603,-364.023078
1474.742162,-534.352522
1391.840065,-435.794983
737.109663,-454.607519
1378.398035,-390.768203
1512.370301,-415.113310
1186.207213,-501.764123
554.529174,-386.219224
1471.480219,-512.753636
254.105151,-444.309934
1083.549266,-477.165440
1411.446268,-445.417586
496.193513,-401.424998
198.574938,-566.661844
1058.197669,-422.878145
1340.664409,-447.502223
1073.429455,-511.302112
263.532368,-460.353911
771.807648,-493.449534
1482.476771,-470.116393
192.306391,-508.817297
324.197209,-520.160354
1374.118007,-454.664401
1452.073782,-326.448631
506.160887,-385.469074
109.439767,-439.808786
602.166271,-421.046075
1054.950000,-519.417147
286.547058,-523.525804
1086.446741,-476.599327
1441.097215,-481.723945
767.055140,-403.396230
1116.260363,-438.735420
569.453601,-508.403522
1107.699110,-444.500258
514.936087,-521.640652
471.456883,-448.746213
716.763712,-474.204384
830.944556,-391.665045
540.275280,-457.104029
727.791851,-457.577225
920.665488,-500.875689
249.439777,-387.799359
433.816237,-368.014344
238.405695,-374.661430
554.096968,-385.459317
1072.745366,-481.194736
1459.655836,-463.580806
1416.858906,-358.910195
1084.536975,-439.483328
1396.855765,-434.492853
578.674964,-510.439495
541.646057,-454.871914
112.109829,-437.418423
544.691399,-463.160186
765.171201,-439.570069
1412.273560,-368.903380
1069.491211,-485.160880
827.858621,-392.987701
490.133987,-493.983763
852.824906,-438.922631
466.909338,-449.715050
1106.099774,-490.059047
604.376777,-421.385231
1018.934551,-416.663277
1370.656214,-464.443569
1369.925791,-451.521370
1435.025664,-363.280945
178.489014,-432.431727
132.884590,-447.654321
1450.702602,-364.721977
254.267007,-420.226000
597.799493,-400.948569
335.145185,-521.945305
840.850271,-525.627619
1459.112206,-516.765908
89.287700,-457.655498
549.241568,-471.592850
526.289315,-502.936920
262.259276,-424.833115
1122.805727,-391.244100
189.756700,-477.301391
1494.951380,-444.267130
1098.644175,-508.565434
1052.341511,-513.898079
1452.376052,-425.230720
1374.215841,-409.528018
183.862766,-491.095826
1058.993497,-504.618100
147.235283,-414.449988
881.210016,-422.155137
840.038936,-355.510975
851.197775,-498.912075
838.716241,-517.613678
335.004200,-526.884896
609.414580,-493.646586
839.641162,-361.542465
242.096415,-382.118790
762.416523,-431.687741
204.923063,-425.646906
1449.382302,-335.353962
1055.523082,-510.579539
1504.107014,-423.777927
518.714896,-448.901297
839.991336,-372.215475
1444.469689,-423.085407
1375.357428,-366.255736
1487.260116,-470.566621
1100.209674,-449.227763
1372.190992,-407.082204
771.447196,-442.800218
1142.752833,-490.677208
575.164625,-457.393036
1383.644215,-416.184990
1446.157225,-523.652433
120.507600,-497.802804
1131.342375,-420.768770
1380.399831,-385.121244
531.126316,-539.505692
192.420022,-545.073409
839.253840,-363.958860
1437.647507,-426.460231
1333.671691,-453.338723
1420.069139,-364.307470
554.178797,-388.378018
544.014326,-539.959832
1415.844019,-479.798791
1468.391708,-457.191485
1085.882211,-511.965932
849.691451,-463.822494
190.068666,-522.268409
1489.909230,-539.764522
857.425651,-400.905137
496.405055,-387.964530
569.289464,-496.803734
307.786695,-522.321445
490.472156,-426.126551
837.417989,-528.992898
248.325553,-441.599920
1443.532646,-359.083711
486.048258,-378.292373
255.451571,-443.530117
246.812795,-537.728583
1369.862809,-445.243176
463.103237,-441.198309
766.883867,-459.329392
1403.550077,-433.800218
1063.451795,-496.725926
1060.395270,-512.165980
1440.511937,-511.854807
191.003189,-479.353219
849.981559,-433.267495
491.396672,-479.208067
484.226381,-378.876801
153.412606,-405.566058
228.885471,-542.940898
528.587732,-487.828314
1340.801490,-449.075645
1131.742984,-361.805390
884.532153,-417.471835
866.714108,-448.538830
466.516839,-364.427765
817.521188,-418.718208
1487.136430,-451.328786
174.862371,-411.427505
1205.830386,-506.173488
1446.644286,-494.814022
1087.493168,-365.356279
763.866514,-422.653557
260.382845,-528.026766
1144.975711,-494.660283
546.051252,-459.822845
736.024122,-452.235591
154.851952,-405.450025
173.066577,-393.890742
1123.800351,-389.133299
227.875959,-458.995181
184.713200,-435.183131
463.029475,-450.024878
91.285676,-438.517784
837.605788,-377.547660
1413.521201,-517.939709
765.450429,-465.361068
1100.785939,-366.012659
89.207492,-458.932460
526.355384,-463.790293
1080.113181,-475.762732
831.847641,-388.428823
878.728744,-430.069243
847.405459,-457.979868
191.970513,-548.159219
622.064967,-515.943759
1442.729737,-417.487279
885.045234,-390.237049
886.590448,-406.327078
1062.494137,-415.539020
1426.063254,-432.705294
512.595102,-531.047308
762.191768,-426.969499
155.891122,-413.147432
579.355795,-457.097937
521.286516,-463.140258
1416.439646,-351.306412
542.977159,-421.485578
890.902590,-400.661497
614.666019,-495.414048
851.920427,-481.005132
1413.610738,-424.623326
1076.968078,-486.367985
1454.513214,-368.985806
1449.235583,-454.865561
189.440859,-526.547556
1404.110085,-360.785876
260.776492,-490.014269
845.182834,-495.835393
911.814768,-501.872623
259.414791,-451.385607
1109.910749,-359.574334
511.544209,-412.611731
199.190983,-540.217834
1455.695332,-514.309100
1476.688963,-477.291881
1365.854483,-481.586530
1114.696556,-436.889902
1422.229326,-341.626016
1403.405817,-435.453971
213.672851,-549.502191
1464.175415,-395.194808
1447.743593,-538.956729
1187.634041,-502.604706
1416.920454,-518.029634
604.000175,-427.822049
228.130198,-356.741556
567.558120,-520.973771
516.638103,-460.799261
849.483744,-525.374492
333.929728,-519.543274
1210.294344,-507.197852
490.009737,-517.460118
243.595124,-488.353326
517.604566,-510.657958
1338.348517,-418.495541
570.372569,-427.916781
1125.417028,-481.020918
1465.865665,-459.817379
1110.489578,-361.300131
1438.132612,-505.697933
1458.147105,-439.179521
504.256113,-366.824305
1047.690076,-420.510771
1066.272281,-404.769176
832.785445,-509.500792
114.056641,-435.135179
1476.226549,-488.278144
837.679172,-371.803510
475.378479,-371.943681
1367.873011,-474.914935
1442.459639,-495.218681
1077.381209,-517.974095
571.593753,-490.126946
575.500340,-458.826805
190.499211,-478.717263
1381.853100,-403.608798
1340.228548,-433.669832
173.562397,-407.350158
186.247273,-457.175022
909.339357,-484.297747
1442.735178,-516.317709
1492.211455,-357.956646
284.664414,-522.985230
1168.692507,-410.496733
563.429744,-463.107361
605.123385,-412.228605
452.121910,-368.007756
1067.370977,-483.843972
1436.815589,-498.575816
1495.470625,-445.551188
1166.363187,-497.198954
1059.999946,-416.322243
1399.213300,-542.484989
90.654810,-428.761094
1037.386069,-453.396769
1484.608389,-485.503949
588.955840,-453.147097
176.749945,-372.620797
1167.782929,-401.192195
502.870082,-407.229331
1432.035826,-433.783556
1435.514573,-524.629948
99.860333,-496.522333
1476.958065,-357.906273
1440.501033,-500.030151
1381.650093,-361.498111
130.803942,-491.947497
849.800267,-502.730637
1028.953524,-453.031885
332.179547,-513.603303
493.329372,-494.308990
257.174744,-420.416730
262.033662,-462.329275
565.619114,-469.902421
1434.575898,-464.984571
542.247940,-421.828078
1438.846791,-401.585497
909.833473,-493.880741
1120.873795,-480.268787
765.794852,-488.505429
1096.123261,-513.656496
176.271518,-414.812346
480.056155,-373.603061
1485.424585,-460.926666
1490.778668,-363.224939
513.736019,-414.149711
1365.351976,-506.951620
1014.414820,-413.900476
137.167577,-451.885019
538.005505,-435.082813
1188.937038,-508.754380
130.060166,-440.327333
553.608369,-527.027789
1451.676988,-354.329622
1467.958801,-503.046624
439.523915,-363.867444
1375.819450,-368.470920
1081.066563,-453.496556
195.949251,-547.648441
501.631665,-388.995337
783.505951,-384.200443
1378.496890,-439.001357
1418.968997,-377.438660
1082.709154,-456.262364
244.829733,-535.760561
496.634299,-386.418706
482.789039,-382.215014
496.415087,-405.163944
1071.139049,-403.771377
556.220783,-389.547545
269.459126,-528.225690
559.233751,-525.046036
598.637380,-405.221708
509.938906,-403.739728
1341.446806,-446.033200
1374.320254,-488.104611
1146.439906,-485.987216
101.359986,-496.187961
1410.439838,-517.612950
1063.985264,-402.820448
503.160251,-372.678332
1211.144150,-514.410298
134.799517,-429.885902
193.699958,-485.758417
1448.836984,-397.003253
1364.150348,-494.500823
1430.469108,-361.325700
499.847113,-399.070635
488.950043,-415.490780
750.848536,-435.083058
1440.123943,-427.743502
543.850355,-419.263905
1066.377012,-409.818342
1132.387905,-416.380678
1160.618015,-410.958826
265.615436,-528.796465
195.947232,-541.687951
1408.014243,-549.067809
284.608811,-472.470231
456.709793,-362.133461
1366.550987,-515.465330
1028.408831,-419.946372
1163.564436,-409.045100
1039.890248,-448.710336
1379.363054,-356.398480
779.070821,-383.374852
435.377564,-368.848005
881.571904,-441.258456
1367.968536,-453.332312
1460.030779,-438.436070
515.786352,-420.592132
1127.485822,-403.342100
1496.713693,-441.318149
1102.282513,-450.036641
1118.726760,-461.666612
1032.546391,-536.126304
490.570044,-512.137065
718.686827,-463.244821
461.334892,-453.055584
223.134115,-423.983616
569.628091,-471.744617
762.495930,-462.568842
481.615897,-511.184012
432.498766,-365.525009
1439.835750,-508.711903
171.994289,-386.104195
177.333125,-402.736453
188.329314,-521.118818
1441.858663,-494.181787
181.626403,-441.424610
1339.268589,-413.664217
1489.245336,-446.334165
1339.776761,-449.120373
102.759642,-491.562290
195.897519,-527.291601
1450.586733,-358.490374
772.283818,-398.436551
1366.986042,-453.747949
1485.801660,-455.165354
182.112481,-438.277507
263.697520,-529.867351
502.170396,-390.765995
90.447360,-434.306075
1094.499824,-499.825894
1380.356469,-337.150086
181.453700,-366.097084
1053.298988,-523.956196
821.033438,-401.301708
332.153587,-514.821566
1031.995161,-534.043676
1044.054512,-417.616280
1505.459088,-536.593282
852.608854,-394.654644
1454.761772,-399.042647
1459.699092,-364.664096
570.544434,-484.828254
1376.276039,-390.775511
574.355026,-407.162969
833.066731,-356.469859
1481.333283,-540.096962
1031.872239,-533.035166
556.993041,-414.171972
1401.383693,-547.155026
1056.659116,-507.936108
883.313863,-430.725261
306.574980,-518.435703
609.958978,-480.878460
1038.717889,-527.916442
126.263269,-431.515839
1104.149784,-488.768392
1510.519607,-540.950256
1400.367765,-550.446820
879.867081,-438.458556
499.710522,-400.244937
830.828548,-382.857195
129.029650,-492.905049
136.657127,-457.460639
197.235336,-544.318107
763.253043,-481.679947
511.260961,-414.084609
268.572637,-436.769245
1120.208451,-403.476675
1430.410110,-445.304368
1495.066403,-414.085156
532.576532,-422.479412
1123.111476,-433.364368
1412.712112,-432.832913
567.619463,-507.534129
569.205932,-410.858855
1124.519158,-477.055956
1099.557286,-445.128901
1033.758991,-420.703430
1487.704509,-478.920103
196.777219,-512.970770
856.306424,-485.486363
528.512222,-493.170082
1130.713432,-399.307392
840.949767,-527.302897
1181.924800,-499.160689
1384.410785,-369.803974
176.554166,-415.805932
257.652433,-531.804626
1378.340684,-364.198436
1477.953203,-419.049796
829.406514,-386.008391
519.204707,-439.566948
1438.759814,-489.341118
1080.884759,-456.285961
1422.627783,-355.400375
769.865430,-397.618276
562.550402,-412.148780
1030.034771,-539.043377
1475.431091,-496.670550
1063.324254,-418.946122
599.344942,-445.731353
515.432796,-519.373740
1424.766539,-433.824600
1057.236718,-502.044598
130.967792,-460.849425
1369.025741,-517.444173
918.703146,-491.647344
1214.042365,-518.553939
853.347770,-492.647890
547.955147,-471.017618
774.870339,-355.813380
266.428862,-410.419057
1430.756249,-361.495639
267.683445,-477.930176
1370.282618,-484.959593
597.896220,-507.534486
186.819504,-466.534225
1445.811096,-395.150541
1161.096187,-411.588412
1344.146549,-431.087856
223.885516,-459.408566
489.188205,-481.801334
182.413812,-483.060327
92.384817,-443.037984
186.618255,-478.849602
720.393728,-474.298052
92.883436,-468.559612
846.748745,-467.065039
1097.678222,-509.142913
1375.542156,-481.667106
1413.241611,-423.661886
872.370120,-434.028511
1419.621919,-375.554145
585.755124,-407.310900
253.204606,-415.962885
877.069972,-423.349728
511.403765,-515.774262
1055.102424,-513.627314
181.975512,-460.807390
1070.282900,-383.630691
776.691032,-370.059234
1126.569801,-357.591028
805.566933,-436.791807
474.556766,-513.003660
93.588718,-437.763614
802.134889,-497.057109
482.097957,-381.210667
280.356110,-529.712483
326.421917,-521.777729
1479.150757,-360.184253
539.056226,-447.735275
1475.938574,-358.443017
1439.633651,-514.224842
1509.764318,-415.911268
103.045618,-437.299685
1124.165871,-454.513107
1463.556807,-461.681720
1425.050938,-333.522734
546.018947,-529.748144
1340.439404,-418.600660
1431.916566,-541.589356
715.409899,-463.166090
475.712850,-428.825742
599.800948,-435.160353
1150.470758,-413.604531
915.091583,-488.925382
857.807282,-398.700096
1410.568111,-434.032573
768.937283,-507.903190
486.904374,-495.747371
520.550266,-458.340156
1444.400654,-500.214665
1377.923039,-367.578403
178.265032,-356.491593
1489.110491,-415.734121
1137.598466,-415.039895
1397.538739,-434.381036
1503.890633,-414.554694
1071.165736,-512.058551
506.382639,-521.634759
770.550954,-456.009902
835.800140,-376.738005
474.364264,-376.015553
1074.358490,-486.678280
848.568581,-468.767513
606.702218,-403.384621
1067.086626,-398.955931
770.544923,-478.341568
181.923634,-459.222153
1340.260679,-440.203720
264.426793,-490.137847
1068.581555,-392.853908
803.734884,-434.505672
503.694712,-372.160459
187.452880,-524.857708
1156.817674,-494.099888
267.286924,-406.251477
208.537523,-426.243562
774.075092,-383.004504
1407.918750,-421.548836
571.661315,-505.365110
1398.466754,-364.961091
489.503682,-387.042280
126.220804,-430.016767
1129.256700,-412.203655
851.562642,-452.819591
560.450107,-383.316738
1062.845847,-500.435797
1379.159661,-341.524293
586.745753,-408.821900
601.239860,-426.091154
189.448949,-509.440237
564.154670,-403.643014
190.229026,-520.892133
137.523189,-486.976789
254.229226,-531.123214
570.183187,-508.690995
506.863096,-463.305522
572.214682,-474.949531
1055.501557,-513.515665
527.897650,-458.248850
1457.635773,-464.732170
569.029080,-433.158940
459.810665,-514.539303
486.412996,-497.941303
1436.675548,-523.603173
1368.133936,-495.156015
1122.093259,-394.159068
244.161083,-393.345349
1485.025375,-436.886630
1016.101861,-410.883093
1417.053992,-378.253162
1451.177643,-368.131790
232.164385,-368.417246
524.946837,-463.024851
605.171076,-483.011416
828.477104,-415.865341
127.673327,-491.397924
169.811225,-398.630286
1444.721468,-479.872045
1123.040108,-366.384574
534.735648,-416.882434
734.631288,-454.592823
488.205913,-513.125603
1428.110489,-405.121197
1440.424369,-509.148646
1016.919915,-415.381928
91.060720,-454.140978
570.753638,-458.725052
495.848327,-415.788396
135.776086,-434.028663
564.132321,-520.393713
492.627159,-387.362307
593.343747,-454.612717
764.839495,-454.527854
1368.737342,-494.774108
1400.276277,-433.539946
882.990021,-398.105704
1338.123169,-435.541236
566.702759,-447.241718
752.257026,-437.589170
96.965631,-462.107916
518.730078,-446.845456
848.398789,-404.229945
257.003262,-445.839178
1472.748273,-436.579623
284.945007,-521.277972
863.393863,-452.319576
845.193177,-434.474936
827.550604,-396.424308
270.933983,-471.714407
532.905640,-531.657515
1480.790017,-540.616183
133.839812,-454.856098
1127.874618,-415.149773
181.900464,-472.036190
808.117829,-477.351450
564.013464,-450.573990
1452.389491,-542.817833
1457.248995,-423.049505
1036.323606,-416.480550
238.685717,-384.456073
491.123391,-524.201408
611.556156,-509.637616
92.348243,-437.568225
1334.910305,-447.634727
1048.894413,-520.560869
1452.494132,-362.282025
183.966097,-487.681281
584.454624,-463.221067
475.826101,-373.086688
1118.894634,-457.278929
282.334160,-521.826632
1067.468185,-493.398182
1380.130832,-343.593108
1066.112663,-393.190850
1335.574840,-438.601425
1457.051077,-493.180326
503.593277,-480.892824
247.678212,-390.572861
261.341701,-480.492007
1394.019650,-418.558149
522.566956,-495.789518
782.633629,-383.644280
262.853388,-427.983890
612.645909,-506.282150
591.059594,-404.291893
1447.572879,-460.686975
1406.418706,-472.883401
197.490332,-550.192116
508.534617,-381.516804
1422.262324,-349.820271
1460.860023,-536.387212
1458.161239,-460.030562
1105.975711,-362.269745
1482.254873,-360.205508
809.416097,-429.021656
266.512836,-431.905741
1447.408242,-489.117686
1496.019845,-442.637450
187.613850,-484.759910
1496.312713,-454.519644
1521.545547,-414.798876
1204.508056,-514.439866
137.394823,-465.963301
1099.095558,-505.234429
179.457894,-455.774964
1028.194045,-411.288761
1484.869579,-466.629782
136.283055,-460.124582
134.496384,-455.232536
1039.768709,-528.102028
267.643334,-440.868259
1117.848488,-357.584863
1425.888115,-446.130266
253.281929,-532.618618
91.988127,-475.836052
94.519529,-476.138428
571.932524,-464.873691
1112.200861,-471.155571
254.686378,-418.053789
608.947203,-400.844439
484.434331,-509.806798
762.670071,-426.973159
168.138726,-391.584280
833.353270,-368.245024
1441.571558,-517.826272
1445.699437,-487.923740
264.732392,-484.491886
1124.508222,-374.066321
856.560944,-467.183260
868.110455,-394.344388
561.309052,-510.244586
250.850219,-532.245601
1452.894768,-360.758648
1119.096989,-446.768293
832.613643,-511.537198
137.456290,-431.438456
278.492180,-527.275243
260.316102,-455.334945
557.213411,-470.914151
560.773735,-402.958427
610.172438,-412.767957
505.226275,-390.329662
847.308869,-516.010163
489.439897,-428.291040
274.953944,-473.824622
831.706633,-508.876422
831.621771,-378.810147
244.735995,-392.107038
738.234074,-452.601570
1447.764502,-517.286420
182.662255,-477.907962
600.435189,-439.791617
497.645139,-405.526112
543.227386,-466.006253
871.404988,-386.299564
1415.460578,-492.972615
871.641479,-386.572649
1490.569405,-449.625708
97.383105,-451.504791
262.735297,-434.107592
1460.187434,-542.049282
826.051140,-400.176185
1338.034590,-449.035371
772.408344,-501.090072
139.543120,-480.310762
197.542475,-532.750693
1092.325851,-446.740390
176.412329,-432.864036
1424.838265,-471.895081
823.531723,-403.380233
255.969904,-423.605299
264.879088,-483.408493
559.642159,-471.977439
1130.982829,-417.947957
906.610342,-487.731542
803.869796,-434.770611
840.159180,-519.902401
1416.633368,-547.161140
1384.191374,-336.859792
136.198561,-440.898759
767.585950,-483.056163
779.425143,-361.784444
1427.132229,-495.047341
180.268566,-361.742362
149.662122,-419.695278
1464.608259,-358.947133
1112.294801,-362.190380
1163.235830,-410.594074
1471.324108,-358.872112
187.150968,-514.045642
871.886253,-445.710801
1149.333801,-485.031589
484.487765,-523.684723
189.730719,-520.623628
1419.496720,-447.281490
1161.021563,-495.282098
1039.117688,-419.048429
257.587778,-424.500188
829.092300,-401.966475
1097.845658,-442.080265
508.103699,-460.841800
1078.149147,-476.106123
1485.617378,-476.855484
194.318239,-546.170500
271.780654,-468.253404
876.960437,-444.615882
1128.669104,-360.748515
851.236091,-509.535333
523.029818,-448.232940
738.929290,-445.233276
1127.151139,-440.384121
1433.103240,-426.111252
1117.790371,-359.022906
1039.403621,-450.303952
751.586845,-425.285474
192.403215,-487.425772
1381.958572,-403.925879
95.100546,-468.864442
223.401244,-451.666322
839.997185,-373.649411
913.293204,-485.921575
133.900765,-497.317671
135.458587,-477.416057
183.077402,-475.514384
1492.928507,-419.835789
1072.520000,-481.484433
94.674597,-444.159301
244.710129,-442.179549
1506.584792,-417.116403
835.805423,-385.586097
831.623529,-379.987546
160.010318,-397.465602
1091.763169,-366.013738
476.030277,-371.592406
537.102964,-446.696838
775.707746,-394.565383
501.076255,-484.724532
1375.014318,-450.486910
1117.485013,-456.788108
1068.550196,-482.462624
478.644060,-423.297193
501.012789,-472.100701
1038.800331,-526.701332
291.327199,-463.310454
1421.490789,-431.347485
524.409917,-471.527657
1455.744622,-521.898227
521.969058,-490.379809
1422.106424,-360.025747
1451.496608,-364.383410
276.670869,-475.442701
495.555817,-523.471861
614.585380,-516.995926
1431.827033,-467.715497
1487.412883,-434.416387
272.855108,-405.772062
179.919452,-452.479667
1415.491404,-517.951212
134.368412,-434.148548
1390.902824,-416.316468
815.139794,-424.352846
224.190259,-359.763043
511.742626,-526.194519
845.337041,-522.201166
615.109218,-500.804443
597.177843,-451.187964
139.528612,-482.914287
1453.288070,-544.553636
801.722090,-490.436661
1189.599485,-504.859854
842.493374,-520.901221
516.408182,-506.773906
606.644546,-477.328081
238.546772,-452.705080
1129.244107,-394.241042
1445.131770,-436.502402
480.149822,-426.266545
1147.254268,-490.684224
257.566091,-458.009344
189.800071,-516.592978
241.592039,-380.096861
1504.614862,-534.502395
845.464423,-506.203590
1373.855880,-427.626594
1374.072269,-368.345866
243.493964,-544.614731
131.878583,-492.090637
262.259960,-496.502796
847.300366,-449.840918
291.423424,-471.648520
191.826125,-471.179664
1387.810613,-357.725395
516.855149,-526.497633
853.507219,-400.987998
165.894856,-385.195197
432.333136,-367.400596
1173.130975,-502.316254
139.987787,-482.451827
771.020948,-492.142672
1374.484076,-425.145977
586.257919,-509.164049
561.423206,-447.688920
286.698728,-527.475710
161.659374,-391.677955
1433.180507,-513.164123
503.681010,-470.038157
1068.987173,-405.065214
909.814998,-492.083201
1489.695306,-533.636840
1075.685903,-383.830039
837.247846,-362.512777
1338.660238,-419.453829
503.316339,-480.613191
241.334992,-383.173274
178.376461,-438.374344
325.624544,-520.510752
1449.682576,-397.193241
1459.565242,-496.311879
489.338296,-522.725163
538.832981,-463.646593
136.180293,-466.541627
1486.227529,-455.877002
537.969565,-440.670049
1389.608101,-357.767449
1044.348730,-417.055125
1123.222012,-442.416232
873.692142,-438.397821
882.124970,-419.059497
542.835855,-430.361907
195.915939,-538.477678
129.022310,-424.842055
1124.677581,-345.137339
120.870589,-490.899521
1059.561668,-512.027830
514.695715,-525.381100
244.019139,-482.179285
607.315866,-491.170668
895.576915,-464.463124
1429.748929,-401.315674
445.565614,-367.061256
766.291589,-494.629541
1480.234707,-539.709087
594.763514,-508.039571
1021.527162,-410.207055
850.210307,-427.322906
97.105113,-440.510424
1376.277571,-441.871741
1491.418411,-363.154028
246.175691,-413.309973
569.646026,-464.035117
1477.392424,-367.717237
1064.019887,-413.555363
1212.764774,-508.139677
94.823724,-438.375802
891.824692,-408.357210
505.174610,-366.097701
490.645869,-413.461961
1492.721626,-420.445394
262.407116,-446.172426
746.131377,-435.838995
1474.990079,-420.405515
1071.901899,-385.792951
167.454962,-384.660308
563.700087,-394.733952
551.531189,-383.123793
262.012371,-530.089054
563.734198,-422.087425
296.272085,-517.909915
130.280359,-449.324007
1110.482082,-476.085509
721.661782,-469.960800
1461.329923,-324.908613
1402.898787,-426.211967
770.576542,-479.406602
1494.436585,-462.791484
498.975918,-521.906380
583.816638,-511.065159
116.902144,-429.602567
839.224497,-372.174712
596.974607,-445.688252
227.885797,-425.537199
1343.320287,-412.314169
520.441204,-465.353156
481.836496,-434.166509
165.001371,-395.167912
612.988583,-512.150798
768.689645,-450.988920
175.700928,-396.185637
1469.926348,-437.029266
1503.874479,-537.641566
485.342375,-381.826457
188.313530,-463.156581
813.890281,-434.311191
512.712825,-381.696471
1383.970751,-383.233590
1467.200069,-544.412123
1072.865536,-381.785851
1389.809656,-433.668278
1452.450420,-457.415259
240.950710,-545.826429
305.638185,-514.838322
283.334280,-520.579008
1508.197911,-540.434759
1128.347596,-488.066282
216.704543,-551.735901
190.763990,-547.512736
558.573344,-414.693314
295.866031,-522.085868
1420.806806,-520.850261
568.743090,-528.951289
1416.166039,-546.234549
567.590318,-481.352713
189.653203,-537.569548
519.943674,-439.321352
550.200354,-535.085223
237.929907,-539.007497
115.192032,-431.255874
165.356803,-398.856272
241.052789,-450.995063
269.951973,-529.157771
133.531588,-439.404650
157.739449,-411.703157
771.806926,-463.462296
512.630030,-433.829677
888.426852,-411.042566
884.720451,-430.586495
1460.719003,-418.934737
118.321363,-489.366322
1455.119943,-463.978099
1485.291464,-365.001341
93.442788,-438.911074
179.807719,-400.672557
182.187771,-475.046396
567.655260,-477.531984
1475.555933,-362.930719
198.231611,-539.220562
171.150228,-376.275963
131.264349,-475.651590
1092.535375,-369.304484
87.960661,-429.480677
1341.319668,-409.224695
167.935733,-397.753261
1378.565444,-399.396235
190.580563,-551.547786
178.157345,-441.768035
172.527172,-402.955182
1112.723841,-492.596442
234.398774,-547.018122
766.592134,-410.840476
556.540408,-464.505066
1451.377266,-420.983713
232.657171,-367.542393
1069.791603,-486.422064
1382.960981,-358.725100
462.866469,-523.861296
1334.784982,-448.783779
769.370408,-409.699131
1057.416908,-504.594827
545.222107,-529.629705
552.150316,-467.741307
254.666930,-417.680011
726.827854,-453.248125
1400.428030,-545.680399
1379.807288,-419.832699
1450.122678,-404.262297
562.140370,-526.919733
492.459003,-530.348091
546.536578,-533.814502
256.532366,-449.578440
1461.208032,-501.688364
196.821863,-510.300835
818.867201,-416.586382
465.215551,-367.258138
1419.267332,-372.852649
1439.823294,-404.543804
620.129731,-522.993607
1380.459576,-345.723439
1442.760263,-523.085189
889.222218,-421.888921
271.837217,-527.838867
837.154619,-354.660721
1476.205575,-442.759208
485.118343,-381.026727
135.960440,-444.520129
764.584864,-427.262764
291.163034,-472.732988
586.209095,-511.148119
521.088815,-482.065744
1400.774177,-435.843980
263.862636,-497.900044
810.858643,-435.090690
1100.858678,-500.097435
139.142737,-454.075397
1374.653010,-416.591812
1412.244433,-376.598161
485.603093,-374.316009
1488.336580,-448.777344
492.867176,-378.662519
134.333429,-476.286839
804.755405,-428.759870
253.284872,-483.726300
879.753312,-439.613763
598.830580,-427.439710
575.329591,-464.300331
1445.653841,-423.975409
1142.641951,-422.241314
564.113319,-499.287650
520.685398,-459.425168
753.261630,-435.715175
270.818959,-475.527079
1101.193016,-361.635169
1462.937199,-462.220957
526.830722,-466.084597
479.722852,-435.667298
1125.397063,-381.100961
136.727634,-468.032012
1445.246425,-521.947060
1124.928612,-354.872454
1445.330850,-426.354053
1492.247898,-460.767009
887.358361,-389.458324
772.658214,-486.503504
1188.067559,-512.005361
1491.382619,-358.720536
568.425220,-442.645928
500.181087,-533.359921
314.388524,-521.426832
1367.647457,-472.371834
852.686060,-443.476363
598.372263,-436.710588
615.427255,-499.633035
98.618162,-463.506386
870.464744,-388.262857
563.569168,-425.583511
1124.203000,-453.402392
133.235832,-433.033669
234.826288,-370.516580
136.459264,-448.784887
1456.138569,-365.706375
497.651193,-532.635542
1508.623401,-420.910764
1094.327343,-449.737909
455.427627,-364.107481
826.343354,-416.336036
889.290742,-424.987510
589.539875,-458.591381
505.443908,-362.916554
1494.609700,-462.684739
1019.193735,-450.103629
522.129951,-475.411151
179.924354,-462.909805
1095.972944,-451.915529
165.641151,-394.901566
1370.863528,-443.235074
1431.235492,-470.090278
1471.090284,-418.053589
849.600526,-451.770192
563.249184,-450.673928
583.717613,-457.416190
1380.913507,-340.647329
1122.138911,-447.952550
1337.657216,-448.472918
169.443854,-395.937287
181.917633,-364.090598
1452.299088,-518.705310
1381.357013,-361.406687
1160.365195,-413.047700
823.793103,-413.269741
1342.355835,-406.758648
565.561093,-463.203481
563.180388,-458.512756
1446.209500,-438.942191
515.405738,-424.783583
1190.173347,-510.292715
566.017864,-453.944114
105.972260,-438.651251
609.681739,-422.329073
1483.280595,-469.965034
258.624214,-436.181818
1050.107998,-528.951798
1468.293431,-538.208087
809.632313,-493.340077
138.985929,-444.008525
198.795834,-560.641342
1437.338837,-430.920149
497.836659,-532.517321
836.375684,-513.187669
1404.419010,-363.599561
1215.801709,-517.169459
1450.111702,-349.370854
833.163303,-409.638594
1126.042514,-436.762595
227.874022,-356.215936
514.285663,-447.746452
915.198209,-496.798718
287.067714,-472.412051
765.758743,-452.286633
812.241123,-431.231775
1101.993958,-497.430903
494.325413,-391.441089
803.843847,-484.852606
1424.567699,-368.576378
1055.138454,-516.649164
195.197736,-544.596362
494.117328,-411.699092
88.601950,-430.403129
1469.430905,-502.647624
879.418767,-443.747754
563.443476,-408.655824
595.580222,-506.407185
552.927277,-380.937144
132.076825,-459.623310
1455.755237,-425.511550
764.089705,-465.282762
271.483059,-477.201433
498.652496,-410.120064
776.199561,-357.806736
762.726699,-415.728965
1452.909032,-516.310836
95.198815,-490.349808
563.690716,-514.805163
768.833841,-488.860388
783.438117,-375.216538
1409.694338,-546.448503
1365.576931,-497.590667
270.947986,-471.118020
1152.268141,-413.746372
1064.503069,-419.117389
604.957106,-397.607485
1462.910230,-518.872106
899.125691,-475.722845
265.600704,-466.415653
612.587971,-488.949868
1077.163509,-379.298941
483.198537,-488.747303
1444.505914,-539.167586
912.598265,-505.020768
1192.163596,-509.114798
139.761437,-465.501627
306.622841,-520.085450
504.908996,-397.542771
883.101970,-408.189157
257.888350,-442.276827
1422.729667,-429.437088
219.336276,-354.370248
803.611698,-505.204661
186.993081,-492.007916
1119.475720,-481.756339
1122.051083,-387.274525
171.985106,-381.017807
1435.035206,-427.360355
1367.112947,-479.828456
909.409361,-500.222328
1463.563524,-518.650108
568.101883,-513.937663
1445.134827,-353.968221
1448.101903,-476.991286
101.679416,-475.416597
606.784857,-431.757535
726.398520,-455.290510
155.693183,-418.863798
225.892660,-353.548750
503.736559,-395.019419
191.295241,-509.871052
240.851673,-418.717986
1424.453408,-473.067495
1030.142830,-536.255358
91.987660,-441.009177
188.447023,-510.351734
185.340656,-440.162734
569.812221,-408.835426
470.889062,-434.734475
1151.198952,-418.614378
558.762530,-529.599772
1121.266069,-356.620707
1435.763135,-525.835672
507.570827,-388.865144
834.494299,-367.772676
129.120201,-427.301458
1486.589052,-419.611265
1032.866267,-533.269748
1507.242555,-540.657105
182.474527,-355.239136
467.671508,-445.765728
1127.026535,-480.059324
866.998240,-390.674561
526.975091,-462.948615
496.482297,-415.095618
1504.171015,-534.001941
1060.729848,-423.489196
1424.264820,-341.976633
1106.950022,-472.559735
776.696756,-369.036527
1384.332491,-355.064644
1452.895785,-457.496327
472.145976,-366.531821
468.598817,-449.565803
862.465726,-449.991640
170.162425,-391.181152
467.136326,-453.103468
1474.847302,-423.407216
1477.035841,-439.944482
1432.621591,-502.704553
1336.230667,-451.111844
246.796174,-388.889532
255.613347,-444.595478
464.169543,-440.648509
1467.480427,-466.256901
522.869861,-510.811190
137.043781,-449.225853
1425.346166,-469.507810
263.695136,-488.048348
1079.866023,-366.650858
1447.350808,-420.878945
1072.561875,-402.740808
498.068504,-470.923940
1374.383565,-443.021146
1122.962802,-450.924006
223.729223,-454.816994
241.253481,-541.188355
486.252882,-416.491961
229.489599,-544.186375
843.983642,-532.825237
766.552019,-460.276347
1368.508829,-425.872113
836.699622,-379.973285
1469.987073,-360.930622
590.070999,-404.601503
603.241809,-444.652179
526.965641,-509.213818
98.296405,-441.320262
516.996453,-506.533590
571.292960,-487.672679
844.486235,-498.099722
1436.325381,-495.769885
516.621993,-415.443344
1446.489363,-399.333609
1479.614333,-477.510059
491.610439,-382.496108
1414.400446,-378.013060
262.430665,-427.551378
507.134899,-385.112664
563.421966,-491.993989
747.359145,-438.695756
868.058815,-447.632793
1366.927019,-489.116189
505.173698,-380.861758
238.168671,-385.365121
908.302283,-496.166242
561.385798,-474.964493
1488.020648,-444.760934
1037.419494,-534.757417
777.968821,-395.845618
1460.290065,-512.779759
1448.316797,-438.709766
841.796275,-534.953337
1413.630173,-466.930298
268.974772,-471.482450
188.367567,-486.446450
809.491873,-434.486751
1415.360799,-377.802905
550.647781,-470.834128
605.696627,-411.568032
1160.163818,-410.214274
1015.971301,-412.226218
161.650777,-401.797108
1022.187365,-445.108700
1502.452871,-542.175434
1416.416538,-391.629662
216.245285,-427.926890
527.618302,-418.200565
1092.019247,-515.656175
1173.392757,-507.135106
1408.826598,-368.747959
1504.793057,-543.816030
848.189813,-504.138368
847.135560,-485.800997
763.584508,-471.638741
849.757712,-453.769745
257.575941,-438.842703
330.035629,-513.973089
763.936365,-484.699010
860.309064,-399.029839
1074.483711,-486.769211
198.458741,-569.592766
490.988181,-424.659614
1410.553039,-492.741867
1373.409051,-502.167748
324.594906,-514.064658
197.096684,-535.266562
1121.711006,-378.141786
454.453324,-521.059396
872.274943,-437.171477
1375.436537,-488.764000
1101.694541,-506.135451
1010.815330,-408.460660
541.058108,-439.387409
843.262225,-366.343256
876.349497,-440.866043
475.022132,-443.840329
1374.095259,-466.944475
168.680229,-393.263774
181.531055,-430.363160
164.467173,-391.603808
748.819323,-441.587540
244.464916,-483.543056
1477.766787,-363.488107
1446.249887,-477.532559
1105.055949,-442.320114
844.922996,-535.891098
168.700787,-393.305789
482.737668,-512.467935
859.579903,-395.522354
884.464797,-402.346307
568.880163,-455.659766
587.833744,-505.391595
527.833482,-469.344184
477.339128,-425.911379
1479.590647,-477.686205
520.193557,-448.121167
293.714222,-466.224413
526.561850,-492.166999
237.220762,-490.445374
885.077974,-437.783780
525.471017,-445.721253
613.944517,-513.027909
1388.199295,-421.916209
1078.956725,-453.108205
296.039357,-519.165095
1448.627948,-519.451078
602.809121,-493.363882
1092.353518,-450.761805
838.601664,-370.210507
881.565423,-433.363466
1068.291084,-374.815802
259.604531,-416.726963
195.822862,-526.833560
226.853442,-454.010986
173.694654,-386.533490
264.400863,-450.393041
1121.020691,-396.121825
1439.458566,-493.414835
481.700167,-516.522206
1470.957398,-465.812754
1366.452588,-474.715616
593.561322,-445.463552
825.840637,-409.892102
613.353847,-495.738933
135.704012,-452.263911
1127.107672,-346.247526
1426.448075,-465.996231
1443.337836,-518.653406
855.023648,-453.777122
1460.393458,-442.112844
870.183993,-395.929630
908.526559,-491.999527
563.698789,-494.416931
265.519645,-490.556074
907.510477,-480.606994
1495.829802,-447.228331
773.683854,-482.749791
323.415236,-516.431270
474.874620,-513.340655
717.363252,-461.883491
808.934206,-490.962633
1438.994850,-366.578696
1071.230469,-373.268718
1476.071081,-422.148003
1170.798441,-503.553460
178.269733,-419.298700
477.536397,-373.494596
1449.700688,-434.824664
1160.807915,-491.808670
525.022689,-461.939569
1414.436734,-390.388953
815.083423,-419.020670
281.891046,-434.098877
1458.698588,-461.751351
859.677569,-397.859893
765.122330,-414.553322
562.939417,-428.971871
433.847336,-364.830694
1373.478625,-403.689498
852.389281,-509.220727
777.309389,-394.183233
135.694805,-461.440813
810.781183,-436.574038
1102.752131,-496.486160
570.901921,-492.387168
506.390634,-372.807757
1445.118691,-433.910491
1025.616075,-411.377298
769.194360,-395.109284
256.214969,-421.948335
1450.134670,-338.232636
1126.033208,-397.371838
178.325815,-433.203262
463.141511,-456.963876
1376.377702,-468.132400
333.790122,-520.853715
192.071195,-519.895168
1064.311807,-502.088221
1123.052265,-380.584287
526.604257,-491.782867
601.144919,-418.592800
1435.578326,-503.390171
852.646475,-431.546100
1427.101538,-442.298560
1371.697409,-465.281927
1479.981242,-533.116219
1373.470568,-417.831341
1476.110125,-496.206117
561.328628,-418.898520
1111.874819,-446.966909
247.809231,-419.499152
236.592561,-448.534453
488.192508,-489.814778
599.013245,-504.687368
1079.674094,-450.266270
1210.663448,-513.260771
1454.384712,-323.050368
168.945295,-387.075981
123.334385,-425.346125
782.181022,-360.174041
1449.379923,-349.672801
103.319835,-434.522401
1438.954446,-423.981969
267.332975,-438.472575
279.310324,-466.870085
1432.317684,-542.885074
593.686029,-448.657516
217.175811,-548.704595
805.260750,-438.265631
232.699653,-426.451137
1448.005205,-359.334448
1070.366713,-380.431960
601.014764,-495.732965
561.519052,-524.124008
162.874573,-396.760137
1209.354595,-508.213591
303.140470,-518.295043
1131.914789,-353.552900
493.852425,-385.813796
189.012898,-498.243090
1381.227174,-400.369519
1142.505186,-417.296785
1376.928382,-470.510927
839.439806,-366.698574
1158.494796,-411.922395
195.963309,-518.814760
834.852515,-366.027894
241.281395,-490.980857
516.299113,-435.386658
262.800984,-528.345767
1064.200400,-492.741720
1099.148498,-493.185213
488.199908,-523.423248
612.715358,-499.319468
1065.853177,-406.614095
339.279106,-522.312247
1473.221300,-358.115047
536.254042,-420.335526
91.116523,-460.926069
597.872451,-452.194638
506.246618,-526.833736
847.297363,-510.379612
1095.357203,-513.891782
1493.845118,-420.226905
511.156839,-471.552739
269.023752,-471.511433
1421.050877,-470.548495
610.029991,-506.341909
1124.888360,-455.177361
1199.777996,-510.240454
186.296820,-365.310369
194.561593,-532.021977
1442.495750,-540.760971
1082.640936,-477.104086
491.148008,-526.044028
1059.006077,-513.830684
491.569617,-514.327523
1337.117079,-453.410216
97.386032,-496.781247
251.701789,-484.448059
604.298840,-400.339977
882.357299,-394.217862
1069.042679,-495.254327
1124.766965,-444.276118
764.331665,-435.369053
1330.664563,-452.982444
196.968627,-521.541593
781.554131,-374.378533
1491.831665,-439.787766
848.453348,-458.858993
879.349323,-412.234060
1032.318815,-414.108209
1115.439271,-353.150677
125.289800,-487.666230
1094.421938,-361.922668
1441.382586,-508.437507
279.729953,-530.573103
1365.819876,-499.886190
220.770013,-547.563410
327.612669,-521.468937
157.081282,-414.024738
757.869027,-423.856541
486.826905,-422.813734
1445.403027,-406.574238
581.050619,-404.693628
1433.051011,-517.642484
1440.151758,-500.145969
1126.270824,-348.224123
232.354617,-373.723217
487.809547,-523.665375
260.436694,-456.000581
575.825432,-466.817927
1070.838217,-480.718658
1491.963312,-534.047472
774.247310,-402.998858
1168.442885,-505.169179
1422.645965,-366.714102
1112.701529,-471.075951
849.152759,-492.607947
267.985264,-489.149366
231.319965,-360.082454
1164.159086,-409.464888
846.528950,-529.210570
1080.898043,-453.462878
1011.473292,-444.600490
1496.768878,-534.202134
1338.045651,-422.693700
1063.072447,-510.250674
1103.861727,-441.059548
470.035289,-433.983222
1375.307946,-482.606815
1103.744325,-450.426434
499.198640,-472.215947
185.454175,-482.888842
296.010127,-462.804846
162.094606,-406.766965
1369.684882,-513.807687
849.667144,-489.779402
1507.777647,-413.671630
1176.776343,-507.429258
1404.682424,-362.723502
808.603843,-491.014654
1051.907198,-523.414933
1076.740539,-475.614918
572.411233,-515.336805
259.983519,-535.873199
1450.651893,-493.033781
1379.550470,-411.756393
247.209887,-488.406553
539.470468,-454.667179
1377.075165,-392.421225
876.658145,-435.083264
769.641299,-405.344664
1448.886134,-357.676674
1343.009382,-416.914458
767.163647,-477.628308
1465.620460,-516.288676
481.891865,-432.196284
1378.597043,-388.693075
219.746834,-548.970092
561.667700,-402.143062
106.739575,-497.940120
782.342351,-365.150715
889.745984,-398.140256
1119.803672,-469.170270
1187.768726,-502.267724
1493.397833,-418.786704
1382.439474,-359.151142
1387.915759,-348.815259
1448.669828,-393.809647
1172.974774,-506.551040
1076.728704,-512.339014
911.991601,-479.189060
126.393810,-486.776624
1069.751640,-490.846961
519.752100,-461.062404
1446.448339,-350.287512
1455.887166,-394.251652
905.684317,-472.700372
833.450076,-512.781327
539.723190,-437.344419
555.007404,-531.482982
520.618059,-491.668864
1103.877980,-447.453529
1156.108081,-418.618966
518.270019,-475.613503
280.754320,-530.172271
549.852216,-469.342977
261.306556,-424.393166
1473.601844,-463.996404
747.935938,-434.819317
514.447031,-511.628723
1474.085907,-416.954286
1501.585363,-421.734864
1400.101007,-420.106586
506.394727,-529.425184
919.893475,-499.223195
594.960778,-504.784348
1453.177246,-437.024175
1426.452126,-472.187367
1407.914865,-430.477766
271.023359,-438.435548
257.711548,-474.643435
1335.313674,-455.748447
1470.578304,-363.071210
1423.330489,-520.183748
1085.633544,-443.356491
1399.442751,-426.597484
165.585635,-385.448497
1469.729967,-437.724584
584.818002,-506.481239
1472.563465,-539.461543
97.387116,-471.786125
528.699278,-476.017931
729.574254,-458.498933
1469.144743,-390.064069
749.818311,-423.459189
485.931780,-421.935924
1121.855688,-433.780102
1488.596549,-465.656234
1122.922824,-390.764860
1373.451376,-500.049193
830.573796,-380.727020
1381.866322,-354.690824
1089.859166,-365.315307
1491.285085,-438.734471
1051.115496,-517.158732
1453.316905,-365.230108
1507.149904,-541.549117
764.322623,-466.679798
770.943824,-391.389920
611.713712,-509.635852
1069.584044,-486.310520
846.003962,-490.906235
745.613692,-434.750025
96.427183,-493.654998
1069.353911,-476.231889
889.361247,-426.991772
1110.640362,-445.421347
1426.375157,-545.432137
246.446021,-540.957139
918.967467,-501.991946
1071.042117,-471.798771
578.720898,-403.569270
580.631375,-404.399768
1469.441318,-541.314095
834.108399,-509.999807
559.027191,-519.775455
460.242557,-459.378648
201.265666,-425.905556
1466.017853,-512.695541
238.700823,-423.553059
1030.810970,-538.534500
262.393623,-422.223563
176.379611,-438.265542
732.310314,-449.799902
195.342183,-517.618544
1487.052526,-474.665593
496.638826,-524.567448
139.182848,-434.917060
1160.734687,-490.138721
257.551439,-537.131781
133.546220,-470.103781
489.331199,-412.283538
783.820516,-379.886801
1069.725282,-372.378324
1425.138515,-364.283102
1438.983662,-432.744060
566.825294,-443.034992
221.371947,-357.970804
1413.046044,-390.924360
1370.107947,-481.969822
1441.857983,-546.306678
543.910673,-465.293578
858.282708,-459.534259
552.220119,-421.541245
884.133320,-391.871843
1438.990636,-490.602574
1382.022362,-436.142809
270.288467,-478.874605
513.841749,-526.609442
622.136649,-514.528662
1489.028200,-365.999753
1423.905044,-343.785872
1033.703797,-420.995006
811.569448,-490.660937
1431.327087,-410.303101
136.272138,-454.475813
588.841306,-450.073896
1456.057044,-332.023611
1425.611222,-410.954164
1503.273249,-535.506807
730.127242,-453.174832
1130.322110,-353.593281
156.568465,-407.385900
832.720735,-412.941401
1099.259519,-447.064328
134.980990,-433.321943
530.696520,-419.418508
180.563857,-437.350557
435.432934,-364.486611
1450.528371,-470.188250
1446.234833,-365.178329
591.363155,-403.428549
1074.005387,-475.888750
750.457513,-429.132352
1210.219970,-511.578150
1494.870486,-454.902128
602.461480,-478.903389
1334.349622,-455.680567
766.241759,-470.510436
258.515026,-454.335585
551.930193,-469.500620
848.292938,-505.856684
107.768336,-438.532932
858.459920,-394.395110
1495.982394,-449.339955
567.943541,-529.846132
515.684042,-436.902698
1457.486533,-460.692810
1388.253939,-361.199019
1123.980804,-346.010674
259.117722,-419.860637
235.836576,-364.786129
1050.568813,-529.581898
1476.637952,-367.100091
604.060104,-498.046683
1123.042034,-347.451621
1129.435510,-416.359207
1129.227735,-347.922101
768.982940,-450.444611
905.197805,-489.482977
1081.742436,-363.487226
128.864977,-485.687152
245.847821,-416.019812
191.972681,-542.878859
1431.474341,-496.178771
744.292827,-436.098818
1377.483646,-370.246790
1380.420435,-386.641405
133.517551,-453.287350
187.158731,-446.659597
1435.690480,-364.458961
1431.361297,-541.487222
556.547291,-381.282366
1380.472559,-370.219996
1122.747106,-460.647089
1129.386602,-366.326772
1139.296122,-419.893435
1378.777135,-394.196483
570.759635,-506.752346
508.295254,-370.852720
263.504986,-506.127971
1054.664000,-509.445814
1128.507719,-352.738057
1419.365850,-339.681213
1472.142743,-426.010879
1107.716291,-488.489695
156.739216,-416.930349
246.454389,-413.831873
194.444865,-553.096628
519.509699,-432.549810
1476.217822,-425.407549
1072.622478,-392.345771
553.722455,-536.137328
1075.014423,-468.809824
828.379170,-414.777533
1449.921503,-475.531603
1468.946785,-359.939193
235.300549,-371.662276
852.341676,-476.300262
1371.199267,-444.854167
1420.672547,-371.929454
252.307486,-415.606418
852.014263,-508.271388
1481.868548,-360.367760
1144.599627,-492.347314
200.669048,-571.783661
1408.024584,-435.648099
1448.433315,-453.763887
561.858896,-445.680274
1037.753846,-452.600009
1463.155427,-418.017527
830.705230,-391.592077
500.745711,-530.849360
1334.328035,-446.239118
1453.532726,-519.878943
1013.611559,-395.250416
1406.169985,-427.629408
493.755265,-386.622544
112.615788,-430.253381
769.790561,-508.533658
333.791024,-521.041213
719.298836,-462.219517
90.950828,-462.121052
767.290953,-401.231846
523.119151,-440.523164
503.366701,-526.294233
1056.829988,-517.157440
193.883688,-517.647308
539.466112,-428.187211
528.427247,-474.357808
879.496228,-443.309942
1478.736963,-420.154775
891.936471,-411.367929
490.393175,-527.244895
1168.851508,-502.461882
1011.247378,-395.312507
1413.715284,-524.688416
1493.588549,-365.350610
576.285083,-523.748765
562.475042,-443.204306
1100.685211,-495.289948
564.322373,-453.001220
1084.547958,-439.637283
780.071089,-393.958445
533.088848,-428.884161
783.499501,-375.832409
876.246794,-393.904284
1096.013441,-502.887995
1447.500854,-538.138400
1407.195053,-483.329819
1420.757993,-350.252480
818.818593,-411.094008
1451.683142,-459.481334
1458.330230,-322.604001
139.109237,-465.119109
1476.500705,-484.677478
581.352733,-405.225530
1093.278316,-365.046347
884.046993,-425.981387
1098.334691,-443.392457
1139.293009,-479.041319
118.251659,-496.471809
89.674036,-435.982193
432.773980,-366.196627
257.301088,-410.270297
97.269850,-475.510211
834.170933,-512.679268
257.049139,-441.007940
567.487603,-434.444060
1366.310897,-459.475357
597.673491,-448.670234
881.452718,-412.565911
568.128451,-466.445783
1124.041782,-439.864073
1442.161864,-397.695454
191.904702,-541.300175
592.312689,-454.542579
845.440343,-430.743420
1450.349268,-454.839557
503.299494,-372.656644
1376.113001,-418.223567
1113.480594,-471.372405
174.800446,-373.996803
880.059455,-421.790243
249.708986,-410.185190
182.191332,-417.570110
1168.712985,-404.622887
1453.980804,-341.766300
1435.170442,-469.281698
1455.575855,-395.818937
1112.665552,-353.343389
287.014471,-518.854953
880.892822,-417.388642
607.370878,-486.318598
261.544850,-535.054661
232.058981,-361.221175
502.384306,-480.131446
520.412105,-468.001673
1372.172422,-433.906603
260.700265,-537.160102
1340.500939,-442.691319
1439.227470,-476.702613
461.317376,-517.131952
94.148248,-494.080523
855.611518,-394.273232
836.005457,-380.530973
1491.100249,-444.244356
461.917656,-451.355746
184.101785,-363.474430
462.056956,-362.816587
476.946474,-371.305995
111.075543,-496.565070
569.266986,-441.521686
1440.535846,-510.686806
1454.436370,-341.290165
257.950192,-530.967566
1339.675910,-450.755577
257.130207,-474.550171
1209.238716,-510.130888
1409.549641,-476.126541
506.795110,-467.015211
725.181472,-451.597668
1440.501512,-423.098897
1434.080977,-426.576973
486.954033,-418.157582
1412.011288,-383.325266
1084.220454,-478.888587
775.565597,-368.075377
1084.829410,-508.609987
1342.065935,-421.223992
461.815160,-521.515194
1462.625010,-512.847612
1100.021814,-472.476785
733.343345,-445.290364
1048.484685,-415.872253
1468.629133,-361.910953
505.840808,-410.016244
1366.070768,-484.010936
1414.128940,-485.220857
1450.688734,-465.981392
1117.721341,-440.509011
1128.975301,-386.970523
1146.654806,-420.230491
736.284900,-453.536650
1103.888572,-474.165637
1337.118858,-449.844517
570.240758,-452.166793
569.875586,-460.049394
859.193140,-394.400935
889.663626,-396.394368
1126.494711,-371.762690
899.091397,-478.418687
465.983984,-511.101361
1420.110460,-447.746396
560.078626,-504.090620
590.781640,-459.069266
1202.767823,-505.171532
1141.103736,-419.571958
1481.644006,-363.015585
226.980358,-549.985768
500.796691,-399.424924
564.581110,-490.881932
766.258097,-425.980534
1376.319510,-463.351625
1475.729623,-441.396433
1490.690784,-453.126262
498.315018,-407.385809
615.130984,-517.860944
1075.827740,-383.826704
559.670114,-402.197168
774.302527,-388.076116
226.169095,-354.216173
1046.627764,-531.848156
620.938865,-514.347350
897.642085,-468.222797
488.965315,-424.695425
1071.810439,-512.964120
131.814533,-425.644605
191.631790,-489.513294
182.485898,-462.026838
836.661952,-385.066912
489.012384,-377.409213
600.649452,-505.712113
516.140308,-436.849970
237.677781,-547.502086
95.408006,-455.470830
1105.686664,-502.211134
236.644488,-446.935645
1384.348394,-354.120976
257.063092,-407.092487
1048.042080,-419.232385
880.546569,-390.921438
561.634564,-496.306189
1132.647961,-355.368186
1160.314076,-493.114070
1457.721601,-365.225077
253.169659,-441.055032
1416.821516,-519.399153
1427.132475,-363.247754
195.027608,-567.636622
1203.398297,-509.901896
770.548312,-507.912419
1044.889971,-524.742243
185.711661,-433.615431
1424.214728,-343.840681
1443.523637,-495.206773
1061.060429,-406.567818
490.180253,-515.601351
1465.767185,-543.045123
880.658007,-442.476994
1381.350244,-334.006389
468.007503,-368.274142
280.316341,-472.166068
837.035802,-382.044219
1164.893168,-400.888151
1011.919157,-400.095546
913.850740,-504.901201
1472.322890,-442.242899
1137.280472,-413.200978
251.772434,-487.246436
1019.195615,-407.293432
276.973673,-527.495439
503.559305,-527.859660
265.043873,-403.826346
821.491836,-406.391488
601.221331,-435.866297
871.759878,-440.836578
523.649217,-439.239842
536.730165,-417.383119
185.010950,-489.230465
255.385043,-469.214246
167.316544,-386.965482
269.749288,-404.222563
1449.007833,-437.419946
833.301000,-408.767547
1475.212722,-480.452760
273.483472,-473.009067
1069.617769,-384.075431
565.783647,-514.944534
1079.123392,-465.527914
97.443244,-455.352072
1090.436113,-509.209678
1448.613890,-345.289014
1486.176049,-417.483970
1441.448114,-465.003290
298.860621,-468.391986
1100.743105,-497.639682
764.039413,-509.420622
244.590618,-541.719930
523.429140,-493.994525
1416.036229,-352.323396
1070.628610,-499.687112
1120.844504,-355.702255
1076.397370,-371.649999
562.959960,-404.962262
570.363102,-445.844100
1057.520046,-423.994391
601.746301,-445.788789
751.550580,-431.312284
267.058670,-534.925039
1409.569857,-426.205934
1199.990317,-505.835435
